time,pos_error,Position [cnt],Actual Velocity 0x606C,Velocity [cnt/sec],Active Current [A],current_command,index,
0,-1,24034348,0,5.76653438541519E-08,-0.0657815180009322,-0.112185945473897,0,
0.001,-4,24034342,-6131,-6459.39409732819,-0.113346046478469,-0.11584412905728,1,
0.002,-22,24034342,-873,-417.656525969505,-0.126181050714095,-0.135013103983823,2,
0.003,-51,24034342,-522,-772.105380892754,-0.160156397957138,-0.16764229255088,3,
0.004,-87,24034339,-2327,-1955.05082607269,-0.188847797112913,-0.197518112767341,4,
0.005,-135,24034338,-1888,-1702.10838317871,-0.231882607314333,-0.236078384725857,5,
0.006,-190,24034335,-2369,-2930.93949556351,-0.27491736470347,-0.282693269144772,6,
0.007,-255,24034331,-3995,-3675.98950862885,-0.331543679879815,-0.334473599690966,7,
0.008,-326,24034323,-7775,-8461.47358417511,-0.38892422486731,-0.391729789357157,8,
0.009,-387,24034295,-23744,-26847.9752540588,-0.435715555122215,-0.439324992968807,9,
0.01,-422,24034231,-59968,-63884.6063613892,-0.452655939745739,-0.454008814383656,10,
0.011,-432,24034133,-95325,-98668.4226989746,-0.448995133152323,-0.447215570479614,11,
0.012,-424,24034006,-124023,-126678.72428894,-0.43731823185658,-0.437858114216965,12,
0.013,-399,24033852,-152064,-154844.551086426,-0.426090058921545,-0.425439728474259,13,
0.014,-362,24033676,-173853,-175735.454559326,-0.409985587106178,-0.408930116035378,14,
0.015,-321,24033486,-189666,-190139.198303223,-0.395809080477477,-0.393517485121379,15,
0.016,-278,24033285,-201369,-202485.313415527,-0.38267955974618,-0.383252361762686,16,
0.017,-239,24033077,-206778,-207453.25088501,-0.380746137290316,-0.37921046173841,17,
0.018,-208,24032867,-209721,-209674.377441406,-0.375969688832186,-0.380583334627318,18,
0.019,-184,24032654,-212474,-213490.772247314,-0.386246782974922,-0.385470864919739,19,
0.02,-163,24032435,-217115,-217260.341644287,-0.387919031089496,-0.389660146420511,20,
0.021,-149,24032212,-223320,-223058.50982666,-0.390352445028327,-0.394364699758,21,
0.022,-141,24031985,-228597,-228734.111785889,-0.401399507042413,-0.402264290565029,22,
0.023,-135,24031750,-233635,-234693.10760498,-0.408257745262176,-0.411210374354823,23,
0.024,-129,24031505,-243814,-244860.057830811,-0.416644054065159,-0.416499489243733,24,
0.025,-124,24031252,-253085,-253863.487243652,-0.420362813336624,-0.420430589099226,25,
0.026,-120,24030989,-262022,-263961.734771729,-0.417803389291635,-0.424578289729538,26,
0.027,-117,24030717,-272792,-274388.542175293,-0.424935723257818,-0.42764795084031,27,
0.028,-111,24030432,-284119,-284893.741607666,-0.426963503658499,-0.429689814516337,28,
0.029,-105,24030137,-294036,-295626.945495605,-0.425395542197862,-0.429835118709718,29,
0.03,-95,24029829,-305528,-307008.190155029,-0.424679337230145,-0.428521289952698,30,
0.031,-85,24029510,-317429,-319081.058502197,-0.42322523905068,-0.425934333104408,31,
0.032,-74,24029180,-330278,-331907.691955566,-0.420731583901556,-0.421277275613022,32,
0.033,-60,24028837,-341116,-341936.75994873,-0.417715544861665,-0.415838525923562,33,
0.034,-47,24028486,-349926,-351224.784851074,-0.411821905378531,-0.412049103818049,34,
0.035,-35,24028125,-360864,-361753.921508789,-0.410791256080529,-0.408563986084573,35,
0.036,-22,24027753,-370416,-371912.19329834,-0.406041601053744,-0.403437990732357,36,
0.037,-10,24027372,-381215,-382575.340270996,-0.399145514031488,-0.396918912991111,37,
0.038,0,24026983,-388020,-388475.723266602,-0.390620696215478,-0.393991880251406,38,
0.039,7,24026588,-394806,-395150.566101074,-0.392231822915051,-0.395389187623039,39,
0.04,11,24026185,-401625,-402547.836303711,-0.394628725962548,-0.396977429000174,40,
0.041,12,24025775,-410072,-410324.859619141,-0.395377604129067,-0.397747819369783,41,
0.042,13,24025355,-418486,-419799.652099609,-0.396192075150509,-0.397906080176483,42,
0.043,14,24024925,-427752,-429121.513366699,-0.393977656143306,-0.398410331850243,43,
0.044,18,24024483,-440778,-442021.942138672,-0.394197566487833,-0.394158767064255,44,
0.045,23,24024029,-454035,-454799.613952637,-0.390566686854527,-0.387430799141441,45,
0.046,31,24023562,-465198,-467008.55255127,-0.378438768665831,-0.380388774178414,46,
0.047,41,24023083,-477320,-478583.602905273,-0.370865663389509,-0.371432867304065,47,
0.048,51,24022595,-487396,-488223.95324707,-0.36286812340245,-0.363918770951443,48,
0.049,62,24022095,-498726,-499596.59576416,-0.357493452615813,-0.355018211349204,49,
0.05,73,24021585,-509175,-510019.53125,-0.34932483604149,-0.345878200857896,50,
0.051,83,24021066,-518371,-518749.732971191,-0.33221619148577,-0.337177095642744,51,
0.052,90,24020540,-525332,-526115.72265625,-0.33355952470464,-0.332095251358737,52,
0.053,99,24020003,-535714,-537333.526611328,-0.324092465351612,-0.326485460290201,53,
0.054,107,24019456,-546864,-548477.973937988,-0.318845036957725,-0.315444489292702,54,
0.055,117,24018897,-557999,-558812.255859375,-0.309030367160972,-0.303858565955693,55,
0.056,126,24018329,-566799,-566834.487915039,-0.295391348735848,-0.2942667287831,56,
0.057,132,24017755,-573175,-574121.284484863,-0.291152634938612,-0.289617241052213,57,
0.058,134,24017174,-580304,-581063.041687012,-0.288797735259834,-0.286383087285401,58,
0.059,133,24016586,-587729,-588917.770385742,-0.283269222294138,-0.283819913568351,59,
0.06,128,24015992,-593971,-594492.034912109,-0.282171906291467,-0.282120801606055,60,
0.061,119,24015392,-598445,-598588.714599609,-0.283032623268326,-0.287412046590362,61,
0.062,105,24014788,-604177,-604607.887268066,-0.290688450183211,-0.295874651537531,62,
0.063,91,24014173,-613698,-614511.871337891,-0.300700250626619,-0.300338592115736,63,
0.064,72,24013553,-620054,-620695.114135742,-0.306602656948655,-0.307680238761748,64,
0.065,50,24012926,-626379,-627038.040161133,-0.316465069048832,-0.320530241685617,65,
0.066,29,24012288,-636608,-638042.449951172,-0.326050850413026,-0.331461327927229,66,
0.067,13,24011636,-650051,-651466.903686523,-0.337022320446692,-0.336087472629231,67,
0.068,0,24010970,-665019,-667122.268676758,-0.339096716488768,-0.336449553638374,68,
0.069,-11,24010292,-675900,-677442.626953125,-0.343035738186643,-0.338853850405428,69,
0.07,-20,24009602,-689017,-689762.420654297,-0.345581466246358,-0.342419911763955,70,
0.071,-24,24008898,-703757,-705377.12097168,-0.338294779582384,-0.342082722943985,71,
0.072,-23,24008178,-718031,-719712.905883789,-0.336921730652534,-0.33723444978159,72,
0.073,-18,24007444,-731541,-733117.065429688,-0.326801383364398,-0.331032104902874,73,
0.074,-15,24006702,-741519,-742639.007568359,-0.326073946984593,-0.329156775957813,74,
0.075,-11,24005949,-752311,-753219.680786133,-0.327266061034436,-0.327507589206618,75,
0.076,-4,24005184,-763878,-764984.664916992,-0.320747757873335,-0.323679402885716,76,
0.077,1,24004410,-773597,-774290.161132813,-0.316756346391173,-0.320388775184767,77,
0.078,5,24003627,-781394,-781704.940795898,-0.315255034031111,-0.320234739360671,78,
0.079,4,24002839,-787813,-788179.85534668,-0.321861428079501,-0.323708344016552,79,
0.08,1,24002043,-795735,-796509.628295898,-0.329616806146987,-0.328249284902711,80,
0.081,-2,24001238,-804898,-805863.342285156,-0.332563132973917,-0.331246910060088,81,
0.082,-5,24000422,-813903,-814364.08996582,-0.335809046275642,-0.334678511347249,82,
0.083,-10,23999598,-824119,-824011.23046875,-0.334110849726244,-0.337611071772528,83,
0.084,-15,23998764,-832132,-832868.194580078,-0.344304993377193,-0.341977204003456,84,
0.085,-18,23997919,-844790,-845924.530029297,-0.344466563753599,-0.34356826203566,85,
0.086,-18,23997060,-858444,-859041.748046875,-0.345190584939132,-0.341285011020204,86,
0.087,-17,23996190,-868379,-869605.712890625,-0.342975039269902,-0.339523228482619,87,
0.088,-16,23995310,-879567,-881226.196289063,-0.337109671962025,-0.338739142127736,88,
0.089,-7,23994412,-895730,-897083.511352539,-0.325997333966711,-0.331058933542408,89,
0.09,0,23993507,-906545,-906056.671142578,-0.324001381768312,-0.322483944057979,90,
0.091,-3,23992601,-904312,-904124.450683594,-0.324452961992279,-0.332752869901014,91,
0.092,-8,23991687,-913092,-914063.873291016,-0.342105643474611,-0.345072848757241,92,
0.093,-3,23990753,-932905,-935037.76550293,-0.333971988631333,-0.335347396509803,93,
0.094,3,23989809,-943372,-944054.565429688,-0.323717885435599,-0.324445462648157,94,
0.095,-3,23988866,-942954,-943444.519042969,-0.335953681513445,-0.335176319922539,95,
0.096,-9,23987913,-950263,-952506.408691406,-0.349798914297821,-0.347771943685473,96,
0.097,-8,23986943,-967927,-969683.76159668,-0.347371802624707,-0.343845139228961,97,
0.098,1,23985955,-985782,-987626.342773438,-0.32826759316066,-0.329591878749625,98,
0.099,9,23984959,-996352,-997159.729003906,-0.320001625945508,-0.320076267304842,99,
0.1,14,23983955,-1003494,-1003925.70495605,-0.318852536301847,-0.320084083522659,100,
0.101,18,23982942,-1012225,-1012942.04711914,-0.31794170046885,-0.320817575710862,101,
0.102,26,23981915,-1025806,-1026732.10144043,-0.313424806775345,-0.314828979743709,102,
0.103,34,23980878,-1037613,-1037268.29528809,-0.307578311056432,-0.304734369641267,103,
0.104,34,23979840,-1037943,-1038083.03833008,-0.3065653010608,-0.308347574764014,104,
0.105,27,23978798,-1040410,-1041587.60070801,-0.320716105711995,-0.322349026280165,105,
0.106,24,23977742,-1053689,-1055023.26965332,-0.323770345636262,-0.325372881537874,106,
0.107,27,23976670,-1072035,-1073821.79260254,-0.309099023128283,-0.312363103855205,107,
0.108,31,23975588,-1080937,-1082101.44042969,-0.305181091135239,-0.305224643664246,108,
0.109,28,23974502,-1085259,-1085130.23376465,-0.310561852938463,-0.310825773518445,109,
0.11,20,23973411,-1089879,-1090617.82836914,-0.315525221668622,-0.320979603793717,110,
0.111,12,23972310,-1101003,-1101995.92590332,-0.323465935639661,-0.325668172613689,111,
0.112,5,23971198,-1111804,-1112411.34643555,-0.32729440362607,-0.327067064353798,112,
0.113,-1,23970076,-1119401,-1120661.39221191,-0.334969014109447,-0.332293332626477,113,
0.114,-8,23968944,-1130517,-1133102.9510498,-0.342119057794378,-0.336702876553659,114,
0.115,-8,23967795,-1147318,-1148980.94177246,-0.331681097439002,-0.332329068937668,115,
0.116,-3,23966631,-1163052,-1165320.5871582,-0.324953622430826,-0.321915648689583,116,
0.117,0,23965459,-1170631,-1171542.05322266,-0.315789177456793,-0.318652694624689,117,
0.118,-2,23964283,-1175821,-1176558.68530273,-0.322249211066151,-0.32531869613598,118,
0.119,-5,23963097,-1183706,-1185181.57958984,-0.328735157902145,-0.33142126100887,119,
0.12,-3,23961896,-1200153,-1201797.33276367,-0.327233070961938,-0.328909720100057,120,
0.121,5,23960679,-1216677,-1217854.53796387,-0.31524320407982,-0.315538424739259,121,
0.122,2,23959464,-1217033,-1216703.33862305,-0.309816671631722,-0.316875948607048,122,
0.123,-13,23958250,-1212633,-1213920.82214355,-0.345226497291264,-0.343964741444836,123,
0.124,-14,23957012,-1234569,-1237147.5982666,-0.351335434846249,-0.346808612443624,124,
0.125,-8,23955757,-1255300,-1255496.67358398,-0.324839090194075,-0.325032700021893,125,
0.126,-15,23954505,-1252736,-1251586.45629883,-0.331791123027642,-0.331259725840653,126,
0.127,-28,23953250,-1253541,-1254395.67565918,-0.357501972997397,-0.357003319425587,127,
0.128,-25,23951968,-1278486,-1281380.76782227,-0.354273522957101,-0.353081901821895,128,
0.129,-7,23950661,-1306593,-1307803.49731445,-0.31712803923574,-0.320870282368844,129,
0.13,6,23949349,-1313157,-1312354.58374023,-0.303582287301595,-0.305265203497243,130,
0.131,7,23948040,-1309312,-1309357.91015625,-0.317238170448945,-0.318825320372241,131,
0.132,10,23946718,-1319473,-1322048.33984375,-0.323731898294568,-0.327071887875604,132,
0.133,12,23945387,-1330806,-1331345.82519531,-0.320164111734812,-0.319994584307835,133,
0.134,3,23944057,-1330092,-1329134.82666016,-0.324903521178783,-0.3299577974513,134,
0.135,-5,23942716,-1338361,-1340378.41796875,-0.342792590437796,-0.344774177695342,135,
0.136,-3,23941356,-1357941,-1359528.96118164,-0.338255909742429,-0.336607427155002,136,
0.137,-2,23939986,-1370520,-1370949.85961914,-0.330510988506887,-0.327277644528408,137,
0.138,-10,23938615,-1370470,-1370841.82739258,-0.336872157523317,-0.339009329765247,138,
0.139,-16,23937232,-1380503,-1382358.09326172,-0.350899803931611,-0.348916280223705,139,
0.14,-17,23935834,-1397426,-1397839.81323242,-0.344743264905958,-0.34407790056224,140,
0.141,-23,23934432,-1402956,-1402418.06030273,-0.34404991005249,-0.345238292034367,141,
0.142,-44,23933034,-1398371,-1397255.09643555,-0.368176285921265,-0.369885678674564,142,
0.143,-76,23931637,-1397007,-1397400.36010742,-0.405976641946211,-0.405032569583398,143,
0.144,-109,23930231,-1404275,-1404348.60229492,-0.435254081397318,-0.43350053757581,144,
0.145,-139,23928813,-1417127,-1418120.57495117,-0.447815025094712,-0.453514878709086,145,
0.146,-161,23927376,-1433805,-1435951.38549805,-0.462205914382366,-0.464656545125308,146,
0.147,-175,23925921,-1452304,-1455530.24291992,-0.464990565208325,-0.469886439841389,147,
0.148,-177,23924444,-1475688,-1478070.67871094,-0.462234292182188,-0.465617552626725,148,
0.149,-165,23922943,-1499976,-1501836.70043945,-0.451793726420874,-0.452012298854243,149,
0.15,-142,23921422,-1518868,-1520270.69091797,-0.433765127111371,-0.436152805613517,150,
0.151,-120,23919891,-1529448,-1531168.06030273,-0.42295976931041,-0.427075676946629,151,
0.152,-82,23918334,-1553741,-1557390.74707031,-0.410357103909803,-0.407033274887226,152,
0.153,-23,23916746,-1587320,-1589544.2199707,-0.361569680623745,-0.354329785642108,153,
0.154,31,23915153,-1593778,-1592919.76928711,-0.319510190052313,-0.31362320491678,154,
0.155,67,23913569,-1583984,-1583178.86352539,-0.31180899738672,-0.313200847489156,155,
0.156,96,23911981,-1587874,-1587893.21899414,-0.309839416121406,-0.312835140036611,156,
0.157,118,23910390,-1592457,-1592607.26928711,-0.299457049495459,-0.299684318351353,157,
0.158,122,23908807,-1583930,-1583177.64282227,-0.305666013513587,-0.304114564693293,158,
0.159,113,23907228,-1577743,-1577841.64428711,-0.316810320543937,-0.326368146606569,159,
0.16,93,23905649,-1579116,-1579526.21459961,-0.342426671736121,-0.345011551301297,160,
0.161,66,23904067,-1581683,-1581238.86108398,-0.35965287643279,-0.36165161007807,161,
0.162,29,23902485,-1582147,-1581326.4465332,-0.384274948385553,-0.386623757047744,162,
0.163,-18,23900903,-1582025,-1582640.68603516,-0.42438425740346,-0.422039110392859,163,
0.164,-61,23899308,-1592297,-1594213.25683594,-0.449148253563521,-0.451287327047623,164,
0.165,-101,23897699,-1607626,-1608648.98681641,-0.471032748038169,-0.469050315784102,165,
0.166,-130,23896069,-1627023,-1629726.71508789,-0.487121059295077,-0.481484193129688,166,
0.167,-145,23894415,-1651812,-1654177.55126953,-0.470670385363519,-0.47919495672221,167,
0.168,-152,23892743,-1670704,-1672867.43164063,-0.473285297513371,-0.477546016428334,168,
0.169,-146,23891049,-1691197,-1694114.68505859,-0.468496490981124,-0.471616147719374,169,
0.17,-126,23889330,-1717189,-1719641.8762207,-0.448868841380659,-0.45173309792051,170,
0.171,-95,23887590,-1738112,-1740514.98413086,-0.434799930975601,-0.427027547353134,171,
0.172,-55,23885831,-1757685,-1759167.78564453,-0.397310850543988,-0.400212357347129,172,
0.173,-1,23884049,-1778643,-1780807.80029297,-0.368561076211904,-0.364922239528028,173,
0.174,58,23882251,-1797698,-1798260.34545898,-0.325730174233399,-0.320634528339554,174,
0.175,97,23880463,-1791854,-1789224.09057617,-0.295552602238558,-0.299770191122775,175,
0.176,105,23878696,-1767166,-1765316.92504883,-0.326145243566032,-0.326700406280167,176,
0.177,104,23876928,-1766534,-1767102.50854492,-0.350444245182359,-0.350968319066169,177,
0.178,108,23875146,-1780190,-1781588.89770508,-0.345828205230418,-0.343993682575672,178,
0.179,99,23873366,-1781747,-1780478.82080078,-0.341302192616126,-0.340644151575589,179,
0.18,69,23871597,-1768237,-1769239.19677734,-0.366774260652392,-0.37423677700906,180,
0.181,49,23869808,-1784902,-1788950.80566406,-0.394759348341381,-0.393909563507009,181,
0.182,51,23867988,-1817079,-1819794.31152344,-0.370587518701427,-0.369242002574879,182,
0.183,51,23866159,-1830140,-1829663.0859375,-0.348881952240049,-0.349636287675764,183,
0.184,37,23864334,-1825345,-1825300.29296875,-0.359357514940598,-0.36537498162221,184,
0.185,31,23862491,-1839364,-1842281.79931641,-0.381897585882598,-0.378115839162149,185,
0.186,40,23860623,-1866857,-1869105.07202148,-0.357201365485139,-0.353626713328651,186,
0.187,40,23858755,-1869190,-1867823.02856445,-0.336356709645656,-0.34346147560035,187,
0.188,24,23856892,-1862602,-1862992.40112305,-0.370487597862848,-0.369533315125409,188,
0.189,14,23855013,-1876004,-1877945.70922852,-0.375583595838577,-0.383660248624892,189,
0.19,12,23853116,-1895676,-1897190.24658203,-0.375406674692044,-0.373277529917061,190,
0.191,10,23851209,-1907950,-1908274.07836914,-0.358504033246447,-0.364584522585233,191,
0.192,7,23849294,-1913736,-1914259.18579102,-0.363591264383274,-0.369004417719793,192,
0.193,-3,23847375,-1918993,-1919969.17724609,-0.379864594670039,-0.380486476901126,193,
0.194,-5,23845438,-1934347,-1936118.62182617,-0.377941593837932,-0.382192208002834,194,
0.195,4,23843480,-1957051,-1959394.07348633,-0.368616564316767,-0.365514018758063,195,
0.196,15,23841511,-1969673,-1969851.8371582,-0.346748476857897,-0.349047571558117,196,
0.197,12,23839545,-1965810,-1964986.11450195,-0.356563322695592,-0.357644390119333,197,
0.198,1,23837577,-1967139,-1968108.36791992,-0.369903388393311,-0.379440969747634,198,
0.199,3,23835586,-1988181,-1990984.19189453,-0.376691984816489,-0.377651513573994,199,
0.2,21,23833569,-2016431,-2018211.97509766,-0.345873799834351,-0.346584547532871,200,
0.201,33,23831549,-2021654,-2020293.42651367,-0.329834005461009,-0.329669759262288,201,
0.202,36,23829527,-2019268,-2020109.1003418,-0.343589879863316,-0.344166695613296,202,
0.203,42,23827492,-2033599,-2034913.63525391,-0.338181197966719,-0.342500503307122,203,
0.204,48,23825447,-2044685,-2044754.48608398,-0.331292927162281,-0.331962692529544,204,
0.205,40,23823406,-2042647,-2041356.81152344,-0.330460253507454,-0.338014487194812,205,
0.206,13,23821375,-2030764,-2030887.45117188,-0.376644559386762,-0.374630193305848,206,
0.207,-10,23819329,-2042205,-2045066.52832031,-0.393403621840207,-0.400192253471573,207,
0.208,-16,23817256,-2070785,-2072906.34155273,-0.386584183044022,-0.386841273235461,208,
0.209,-20,23815171,-2086864,-2086825.56152344,-0.363821842808875,-0.371049978255598,209,
0.21,-37,23813090,-2081027,-2080768.43261719,-0.389170083646661,-0.391139453662845,210,
0.211,-46,23810990,-2095846,-2098843.53637695,-0.409064716939497,-0.408673061052127,211,
0.212,-37,23808862,-2125815,-2128782.34863281,-0.394260800394136,-0.387279579972414,212,
0.213,-37,23806733,-2131795,-2129996.94824219,-0.372205827871426,-0.3751371912183,213,
0.214,-51,23804608,-2123823,-2124382.78198242,-0.407745466121469,-0.404439945356842,214,
0.215,-46,23802455,-2148233,-2152446.44165039,-0.406374529682921,-0.408710557772736,215,
0.216,-31,23800281,-2174953,-2175170.74584961,-0.38149276213278,-0.377367559534832,216,
0.217,-30,23798111,-2170902,-2169604.4921875,-0.3736608062556,-0.37699963396642,217,
0.218,-49,23795951,-2161713,-2160443.26782227,-0.413472430040883,-0.411642308409682,218,
0.219,-73,23793787,-2164005,-2164564.36157227,-0.439496984968969,-0.443103887825998,219,
0.22,-107,23791622,-2164062,-2163881.53076172,-0.46599445628317,-0.472721297543956,220,
0.221,-132,23789438,-2178853,-2183251.03759766,-0.487036770892132,-0.495441810451325,221,
0.222,-123,23787210,-2223300,-2227595.36743164,-0.477854475366598,-0.470843433609332,222,
0.223,-88,23784946,-2262362,-2265042.2668457,-0.42119830364652,-0.417017155237261,223,
0.224,-48,23782668,-2277589,-2277138.36669922,-0.385925684297035,-0.381979057630474,224,
0.225,-17,23780388,-2277976,-2279052.58178711,-0.373922262262397,-0.377194757746338,225,
0.226,19,23778093,-2292126,-2295076.90429688,-0.365881521828214,-0.364192796281486,226,
0.227,57,23775786,-2306957,-2308487.54882813,-0.330014341801814,-0.334664111198208,227,
0.228,73,23773491,-2296895,-2295619.20166016,-0.33129961671807,-0.33037378219683,228,
0.229,62,23771214,-2276970,-2276497.80273438,-0.362974452131311,-0.367400121408764,229,
0.23,40,23768937,-2275712,-2276849.51782227,-0.405068798809225,-0.401526749435163,230,
0.231,16,23766652,-2285195,-2285783.38623047,-0.409275719612367,-0.413388493719822,231,
0.232,-19,23764368,-2284273,-2283795.31860352,-0.433652214451286,-0.436591640473296,232,
0.233,-60,23762081,-2286668,-2287062.98828125,-0.467550799041646,-0.470416499117221,233,
0.234,-94,23759776,-2301080,-2304230.04150391,-0.495467054722383,-0.495366500136413,234,
0.235,-100,23757433,-2340168,-2343836.36474609,-0.482345279792526,-0.480490336388527,235,
0.236,-81,23755055,-2374907,-2378367.30957031,-0.44523542675779,-0.441735873667085,236,
0.237,-52,23752657,-2396691,-2398456.57348633,-0.404618169206344,-0.409191853707682,237,
0.238,-11,23750238,-2418202,-2419442.44384766,-0.374816374205921,-0.380780218816653,238,
0.239,31,23747807,-2430093,-2430865.63110352,-0.35317481623099,-0.353148445297904,239,
0.24,69,23745370,-2438073,-2438314.20898438,-0.325868471997296,-0.331350774215764,240,
0.241,86,23742944,-2428283,-2426489.56298828,-0.332669039204518,-0.332446629078618,241,
0.242,81,23740530,-2414437,-2413096.46606445,-0.352974059140934,-0.358049389910093,242,
0.243,66,23738117,-2410763,-2411826.78222656,-0.38624058633377,-0.386522956004455,243,
0.244,60,23735684,-2430485,-2431859.89379883,-0.382201362131809,-0.385383196530711,244,
0.245,58,23733237,-2446828,-2447905.88378906,-0.364787744248474,-0.370768981704259,245,
0.246,54,23730782,-2454783,-2454633.63647461,-0.365340618430366,-0.367296714959537,246,
0.247,42,23728326,-2455666,-2456315.00244141,-0.38220974168064,-0.381222891368964,247,
0.248,36,23725853,-2470665,-2472904.05273438,-0.382278925770777,-0.386043561311681,248,
0.249,31,23723369,-2484282,-2484894.10400391,-0.375163069236748,-0.378850387596003,249,
0.25,26,23720875,-2493638,-2494277.34375,-0.37155183577255,-0.379173528348815,250,
0.251,24,23718368,-2505503,-2507764.58740234,-0.370231352667929,-0.380174109853954,251,
0.252,29,23715845,-2521842,-2523376.15966797,-0.370310007760736,-0.370638394533614,252,
0.253,36,23713309,-2535093,-2535608.21533203,-0.357401594452369,-0.358334646652224,253,
0.254,44,23710762,-2544778,-2545998.99291992,-0.354060689458436,-0.35381514755278,254,
0.255,48,23708209,-2554382,-2554326.47705078,-0.351139078779738,-0.347650193770107,255,
0.256,39,23705659,-2550100,-2549946.59423828,-0.3513349771398,-0.360912554996105,256,
0.257,29,23703101,-2555592,-2558149.10888672,-0.378013277709442,-0.37846440022696,257,
0.258,30,23700521,-2578356,-2579748.84033203,-0.366641772239575,-0.368039537317657,258,
0.259,28,23697934,-2588113,-2587810.66894531,-0.352823896217558,-0.358224198565324,259,
0.26,12,23695351,-2583989,-2583169.25048828,-0.374537912644143,-0.374523688536044,260,
0.261,-7,23692762,-2587297,-2588613.89160156,-0.394633619900731,-0.400366780461297,261,
0.262,-33,23690169,-2592953,-2592807.31201172,-0.413331104372787,-0.417383778102703,262,
0.263,-60,23687567,-2600246,-2601726.68457031,-0.430749017655103,-0.438113620039928,263,
0.264,-64,23684932,-2630558,-2634422.60742188,-0.434255718008046,-0.433394913010716,264,
0.265,-54,23682273,-2657787,-2659395.14160156,-0.412525752272131,-0.402676331993462,265,
0.266,-43,23679604,-2667946,-2668700.25634766,-0.394699705670291,-0.393742042946769,266,
0.267,-28,23676920,-2684370,-2684877.9296875,-0.38622615097654,-0.386179746584276,267,
0.268,-18,23674231,-2690073,-2689390.25878906,-0.375760024070473,-0.380618578023871,268,
0.269,-22,23671546,-2685135,-2685183.41064453,-0.387692184731861,-0.395673916242345,269,
0.27,-31,23668857,-2688703,-2689430.84716797,-0.419659564982226,-0.415785784057391,270,
0.271,-56,23666173,-2686893,-2685546.26464844,-0.429464517318991,-0.436012254525565,271,
0.272,-108,23663506,-2667699,-2666407.47070313,-0.490357114304061,-0.491200808121846,272,
0.273,-171,23660840,-2664484,-2665576.78222656,-0.556056262748314,-0.555857301275864,273,
0.274,-219,23658149,-2685593,-2689963.98925781,-0.582548558458825,-0.589597660267714,274,
0.275,-224,23655406,-2738254,-2743826.29394531,-0.568760010857716,-0.568160908324501,275,
0.276,-179,23652602,-2800142,-2805062.25585938,-0.488989135353336,-0.495813362463139,276,
0.277,-115,23649769,-2833654,-2834814.75830078,-0.421249742809721,-0.426393870378945,277,
0.278,-44,23646919,-2848072,-2849600.52490234,-0.391597371360717,-0.386071375780489,278,
0.279,36,23644050,-2868585,-2869402.77099609,-0.338834943608276,-0.339030349053701,279,
0.28,85,23641203,-2853213,-2848897.70507813,-0.323438085962664,-0.316309800938143,280,
0.281,78,23638401,-2803107,-2799856.26220703,-0.373427305550365,-0.373697528396065,281,
0.282,47,23635613,-2786161,-2786038.20800781,-0.43313127409624,-0.438898762640463,282,
0.283,6,23632825,-2787833,-2788002.9296875,-0.473017292783538,-0.47262753813834,283,
0.284,-52,23630045,-2781756,-2779783.93554688,-0.516319421155117,-0.510596400552799,284,
0.285,-113,23627257,-2784919,-2787584.22851563,-0.559496842123508,-0.563223945735615,285,
0.286,-140,23624425,-2826269,-2830917.05322266,-0.566179426691519,-0.56783558466401,286,
0.287,-128,23621544,-2876831,-2880633.54492188,-0.51882170231039,-0.520419133024689,287,
0.288,-86,23618623,-2918146,-2921436.76757813,-0.460900817256061,-0.462464096027645,288,
0.289,-26,23615675,-2946249,-2948793.02978516,-0.417722903373033,-0.410379813191298,289,
0.29,46,23612704,-2968800,-2970737.3046875,-0.365629783281406,-0.359016734885415,290,
0.291,105,23609736,-2971013,-2969777.83203125,-0.32163687025411,-0.322436236962744,291,
0.292,132,23606790,-2948423,-2946574.09667969,-0.331862912523718,-0.330673650337133,292,
0.293,145,23603848,-2939836,-2941086.42578125,-0.353811098611118,-0.352811291686123,293,
0.294,159,23600896,-2952198,-2953429.87060547,-0.336142503027645,-0.34336049851612,294,
0.295,151,23597955,-2943799,-2940685.42480469,-0.341432251663946,-0.342852902064465,295,
0.296,109,23595038,-2917005,-2915641.78466797,-0.398065714102529,-0.396204679681944,296,
0.297,65,23592113,-2922688,-2924455.56640625,-0.435458429722587,-0.440225724051743,297,
0.298,44,23589156,-2952047,-2956209.10644531,-0.433773084161942,-0.435247990380731,298,
0.299,38,23586173,-2982515,-2984455.26123047,-0.416389991777919,-0.407190338615521,299,
0.3,38,23583174,-2999607,-3000021.05712891,-0.379285983302452,-0.390797934235707,300,
0.301,39,23580164,-3008198,-3010005.79833984,-0.388975276740439,-0.389791261713981,301,
0.302,48,23577136,-3025768,-3027814.94140625,-0.380958196208837,-0.37961760922866,302,
0.303,50,23574106,-3030445,-3030585.02197266,-0.380865739506191,-0.373842550923939,303,
0.304,48,23571069,-3035144,-3036380.61523438,-0.385097235624812,-0.383032310585406,304,
0.305,51,23568017,-3050544,-3051974.18212891,-0.380098940371795,-0.377341646308196,305,
0.306,54,23564955,-3062585,-3062381.59179688,-0.36397482238732,-0.36601855209733,306,
0.307,31,23561909,-3049624,-3047610.47363281,-0.382797014262565,-0.387697289919174,307,
0.308,-17,23558879,-3028525,-3028027.64892578,-0.439798719143255,-0.447887307505425,308,
0.309,-52,23555825,-3047779,-3053042.90771484,-0.480040622198544,-0.482190715845604,309,
0.31,-51,23552725,-3096925,-3100930.48095703,-0.452761071396196,-0.448004656397245,310,
0.311,-42,23549607,-3119157,-3118731.99462891,-0.414135998766994,-0.411786274691906,311,
0.312,-30,23546477,-3127874,-3129780.88378906,-0.402952997937632,-0.409025178143963,312,
0.313,-11,23543329,-3147796,-3148886.10839844,-0.389073507585977,-0.394914862909388,313,
0.314,-13,23540192,-3141310,-3139120.78857422,-0.395437317216533,-0.397456647652007,314,
0.315,-46,23537076,-3118079,-3115516.96777344,-0.447749713905296,-0.448487607117045,315,
0.316,-101,23533972,-3102558,-3102344.97070313,-0.514139611797077,-0.51568937062433,316,
0.317,-178,23530881,-3094330,-3091544.79980469,-0.577807811103696,-0.578888139155481,317,
0.318,-276,23527800,-3077613,-3078324.58496094,-0.65976314344698,-0.668439708554843,318,
0.319,-327,23524662,-3127303,-3135865.78369141,-0.705124598756015,-0.703168079728584,319,
0.32,-300,23521436,-3221206,-3227911.98730469,-0.622587239850873,-0.620755991557644,320,
0.321,-246,23518174,-3263073,-3265047.91259766,-0.531643221809873,-0.53371328724478,321,
0.322,-178,23514887,-3282750,-3286770.93505859,-0.497043571772792,-0.499596763968441,322,
0.323,-91,23511571,-3316893,-3318168.02978516,-0.451334048313583,-0.441654894833846,323,
0.324,-42,23508283,-3294558,-3289243.77441406,-0.422519596539473,-0.422626382974784,324,
0.325,-35,23505027,-3256719,-3254633.48388672,-0.467331839318206,-0.47848378652543,325,
0.326,-36,23501770,-3254680,-3256417.23632813,-0.51270427958201,-0.517480375958257,326,
0.327,-51,23498516,-3257873,-3255433.34960938,-0.528976377582183,-0.524762520765933,327,
0.328,-106,23495292,-3224359,-3222145.69091797,-0.578930072107823,-0.588188945443051,328,
0.329,-146,23492043,-3242178,-3248405.15136719,-0.638888560647388,-0.641129350587676,329,
0.33,-122,23488720,-3314598,-3322846.98486328,-0.591021197739678,-0.588404349139466,330,
0.331,-52,23485342,-3377316,-3380411.98730469,-0.487408498944887,-0.480352109041007,331,
0.332,20,23481951,-3391811,-3392039.18457031,-0.407060596441397,-0.415775010351751,332,
0.333,91,23478551,-3397363,-3398786.31591797,-0.381884347603773,-0.388237524361443,333,
0.334,158,23475145,-3407278,-3408546.75292969,-0.349894786194739,-0.351498906464826,334,
0.335,215,23471740,-3406292,-3404720.76416016,-0.323597226974073,-0.320645055587875,335,
0.336,238,23468358,-3385252,-3381947.93701172,-0.327720457913472,-0.322425744922612,336,
0.337,218,23465009,-3350540,-3347956.54296875,-0.367751992043281,-0.370013378773763,337,
0.338,182,23461666,-3341568,-3341668.09082031,-0.410921315128348,-0.415347406904061,338,
0.339,143,23458316,-3349027,-3351059.5703125,-0.436929181375149,-0.43616523410401,339,
0.34,122,23454939,-3373488,-3376389.46533203,-0.431006565552991,-0.431329952763122,340,
0.341,115,23451537,-3401653,-3403248.90136719,-0.407170234739965,-0.407194211516241,341,
0.342,113,23448120,-3415355,-3416665.95458984,-0.38811679548354,-0.392190946208359,342,
0.343,107,23444697,-3424422,-3424946.89941406,-0.391947446377628,-0.387003160485563,343,
0.344,91,23441274,-3421765,-3421950.37841797,-0.407254663975664,-0.402940851112646,344,
0.345,87,23437830,-3441703,-3443876.64794922,-0.408137051592462,-0.403835737636314,345,
0.346,84,23434374,-3457716,-3457605.59082031,-0.382373917462985,-0.387409639020234,346,
0.347,42,23430947,-3431309,-3426758.42285156,-0.412939307652664,-0.420632930557758,347,
0.348,-20,23427530,-3412635,-3415960.99853516,-0.494257759076618,-0.50183667370402,348,
0.349,-36,23424058,-3463109,-3470124.51171875,-0.506645408070881,-0.501425970186745,349,
0.35,-22,23420545,-3514605,-3516247.55859375,-0.43997602757986,-0.433226406621202,350,
0.351,-22,23417036,-3510789,-3510385.43701172,-0.417821099010382,-0.42115890568374,351,
0.352,-22,23413517,-3515602,-3518058.16650391,-0.434652408666352,-0.444140733765153,352,
0.353,-21,23409987,-3531528,-3531510.31494141,-0.435006180543041,-0.43945043974395,353,
0.354,-56,23406484,-3507813,-3503519.89746094,-0.465467213662407,-0.472473044607796,354,
0.355,-130,23403009,-3474918,-3473400.87890625,-0.562495241861029,-0.564311702715145,355,
0.356,-225,23399545,-3464564,-3463702.08740234,-0.647564984922496,-0.653985127654437,356,
0.357,-323,23396074,-3466533,-3469472.35107422,-0.725515068965592,-0.731907819726985,357,
0.358,-366,23392539,-3522433,-3531216.43066406,-0.745896314629817,-0.749126384246779,358,
0.359,-334,23388918,-3616471,-3624870.30029297,-0.670482487643767,-0.662564025247775,359,
0.36,-270,23385255,-3662856,-3664824.52392578,-0.571192967090099,-0.570680547116638,360,
0.361,-186,23381562,-3690539,-3693129.57763672,-0.521375211379734,-0.52115762477564,361,
0.362,-108,23377865,-3701801,-3700093.99414063,-0.469076686717187,-0.476271585634095,362,
0.363,-69,23374198,-3669844,-3666399.53613281,-0.486968467006704,-0.491197604176705,363,
0.364,-62,23370552,-3646726,-3645781.86035156,-0.538499523579276,-0.538303273137331,364,
0.365,-80,23366921,-3631778,-3630262.14599609,-0.581687119714104,-0.579868616785063,365,
0.366,-110,23363292,-3626443,-3627701.11083984,-0.623613840207213,-0.622555904563228,366,
0.367,-116,23359629,-3656533,-3661360.16845703,-0.624691985351319,-0.626916790774089,367,
0.368,-79,23355914,-3710690,-3715421.44775391,-0.567517056183874,-0.570512287184442,368,
0.369,-16,23352162,-3750720,-3753070.06835938,-0.487853636070383,-0.496116293715829,369,
0.37,59,23348388,-3773312,-3775962.52441406,-0.42744641917011,-0.436535624245607,370,
0.371,126,23344612,-3777286,-3776998.59619141,-0.404228942683972,-0.39658672373389,371,
0.372,184,23340836,-3775499,-3775402.22167969,-0.381105648101709,-0.376792539402459,372,
0.373,221,23337070,-3769612,-3767437.13378906,-0.367176443788082,-0.36296522758596,373,
0.374,215,23333337,-3736120,-3732922.66845703,-0.38756948419541,-0.389696481270903,374,
0.375,189,23329614,-3721381,-3721145.93505859,-0.430743842051413,-0.437321506218098,375,
0.376,169,23325875,-3736752,-3739655.15136719,-0.443330100436242,-0.447738306452266,376,
0.377,162,23322114,-3758914,-3760224.609375,-0.427329880066623,-0.426727221506383,377,
0.378,152,23318345,-3767574,-3767683.10546875,-0.421167602106266,-0.416778619761089,378,
0.379,138,23314570,-3774333,-3775302.734375,-0.433350797150695,-0.423171722604366,379,
0.38,120,23310789,-3780287,-3781135.25390625,-0.441635671162999,-0.43024589264337,380,
0.381,106,23306994,-3793232,-3795111.99951172,-0.436029752995182,-0.433030789926647,381,
0.382,95,23303187,-3806158,-3807200.62255859,-0.428183608218092,-0.430678566070185,382,
0.383,60,23299393,-3797772,-3794677.12402344,-0.438765640480256,-0.44944196027086,383,
0.384,9,23295605,-3785265,-3786510.00976563,-0.495160215360784,-0.506631500836477,384,
0.385,-11,23291776,-3821599,-3827363.58642578,-0.517616561230852,-0.514900319914886,385,
0.386,5,23287902,-3872406,-3875897.21679688,-0.468293198901506,-0.458718367283893,386,
0.387,24,23284014,-3889700,-3889523.92578125,-0.417551861993957,-0.418575575278851,387,
0.388,15,23280144,-3873565,-3870918.27392578,-0.439695136653086,-0.43690397231228,388,
0.389,-21,23276291,-3854291,-3853301.39160156,-0.486707855996428,-0.49375688738894,389,
0.39,-91,23272462,-3831759,-3828814.69726563,-0.555367625792087,-0.563515504743464,390,
0.391,-199,23268662,-3802415,-3799009.70458984,-0.659483167933104,-0.665153235420121,391,
0.392,-320,23264864,-3793514,-3795007.01904297,-0.766440081291535,-0.774286718983262,392,
0.393,-387,23261002,-3850033,-3859244.38476563,-0.802495801166629,-0.809667286638273,393,
0.394,-374,23257050,-3948433,-3956033.32519531,-0.725978056642589,-0.726196488243204,394,
0.395,-327,23253054,-3993154,-3995843.81103516,-0.641114844814069,-0.646510710930102,395,
0.396,-252,23249021,-4031708,-4035073.85253906,-0.600856112244742,-0.594091210932334,396,
0.397,-181,23244981,-4041740,-4040616.45507813,-0.559925466608661,-0.554031087753572,397,
0.398,-136,23240957,-4025971,-4023851.92871094,-0.556357644840716,-0.558642937931097,398,
0.399,-102,23236934,-4020392,-4020541.68701172,-0.581523648095526,-0.576773112864032,399,
0.4,-75,23232909,-4024080,-4025343.62792969,-0.566978159652763,-0.576638934458174,400,
0.401,-53,23228878,-4030063,-4031660.76660156,-0.568806239209039,-0.571850726465129,401,
0.402,-16,23224822,-4052089,-4055005.49316406,-0.551039694445535,-0.553227320021392,402,
0.403,48,23220729,-4090206,-4094221.19140625,-0.496497281522124,-0.495436212349375,403,
0.404,126,23216612,-4118433,-4118213.50097656,-0.42207224129811,-0.420961598996143,404,
0.405,181,23212509,-4105969,-4103718.56689453,-0.389624867815769,-0.391438476806627,405,
0.406,218,23208413,-4093867,-4094617.61474609,-0.397029290661635,-0.398865538517612,406,
0.407,254,23204308,-4105384,-4106094.36035156,-0.380435460236185,-0.378346171130431,407,
0.408,261,23200222,-4090948,-4087417.60253906,-0.375885013139168,-0.370194313653769,408,
0.409,233,23196162,-4061067,-4059375.61035156,-0.415713818520373,-0.416076603693284,409,
0.41,206,23192090,-4066577,-4069412.84179688,-0.449722006201114,-0.449088117977794,410,
0.411,202,23187985,-4102262,-4105239.2578125,-0.427213974710526,-0.42146377338679,411,
0.412,200,23183868,-4120755,-4120028.99169922,-0.388693681649897,-0.385509805176071,412,
0.413,157,23179782,-4088962,-4085638.73291016,-0.423406702053512,-0.421401877391645,413,
0.414,110,23175691,-4085204,-4088409.72900391,-0.479239389455927,-0.484813197755955,414,
0.415,98,23171554,-4133328,-4138193.359375,-0.459707541336002,-0.465027040891471,415,
0.416,87,23167406,-4154555,-4151637.87841797,-0.424493226746449,-0.422062699879064,416,
0.417,25,23163299,-4106251,-4104187.92724609,-0.478964026214726,-0.490578644225252,417,
0.418,-11,23159156,-4134257,-4140858.76464844,-0.541425147991447,-0.541933906313318,418,
0.419,10,23154947,-4205450,-4211795.34912109,-0.474025162383668,-0.475377790564266,419,
0.42,29,23150729,-4226254,-4222001.64794922,-0.4034560173248,-0.40753594219251,420,
0.421,-13,23146562,-4167773,-4164702.75878906,-0.474552933127256,-0.480098715709346,421,
0.422,-46,23142376,-4178818,-4184633.7890625,-0.541550700391156,-0.547207071892899,422,
0.423,-60,23138162,-4218800,-4218171.69189453,-0.521028093850646,-0.51985562596991,423,
0.424,-144,23134007,-4161803,-4154465.33203125,-0.57339449990036,-0.58575658774987,424,
0.425,-234,23129848,-4147175,-4154301.45263672,-0.707313421410277,-0.715627201345228,425,
0.426,-230,23125585,-4249727,-4260945.12939453,-0.680009682582522,-0.675022794782535,426,
0.427,-157,23121243,-4340664,-4345533.44726563,-0.529274766978574,-0.527754195739476,427,
0.428,-102,23116910,-4340404,-4336888.73291016,-0.460427091081613,-0.464735974798259,428,
0.429,-87,23112606,-4303435,-4301947.63183594,-0.509334046167169,-0.517050800852019,429,
0.43,-75,23108295,-4307905,-4310694.58007813,-0.555073074088227,-0.550281169235404,430,
0.431,-53,23103964,-4332036,-4332530.21240234,-0.531969179217754,-0.525591075062721,431,
0.432,-59,23099651,-4315381,-4313046.875,-0.531186289941274,-0.537000358918704,432,
0.433,-55,23095319,-4323995,-4327678.22265625,-0.567761119345619,-0.564895278437291,433,
0.434,-10,23090935,-4379834,-4385586.54785156,-0.512208900371718,-0.513111180614942,434,
0.435,61,23086515,-4421532,-4423758.54492188,-0.419044125849609,-0.422274301091136,435,
0.436,104,23082113,-4406112,-4402993.46923828,-0.393462349098399,-0.393085022943694,436,
0.437,123,23077726,-4383772,-4385386.96289063,-0.429661155051008,-0.428499038377652,437,
0.438,156,23073314,-4408463,-4411026.61132813,-0.419410396633168,-0.413495702653393,438,
0.439,178,23068903,-4417244,-4415396.42333984,-0.379995956420828,-0.376477109242899,439,
0.44,161,23064521,-4384736,-4381601.25732422,-0.398770018702578,-0.40621091723159,440,
0.441,135,23060138,-4377695,-4380073.54736328,-0.451452805532938,-0.455512063194078,441,
0.442,135,23055720,-4413113,-4417423.09570313,-0.440006130580912,-0.439497900381866,442,
0.443,145,23051281,-4441644,-4441082.15332031,-0.39855338271957,-0.391771229394863,443,
0.444,111,23046876,-4410353,-4406020.5078125,-0.4151291161362,-0.417184605381124,444,
0.445,62,23042476,-4393675,-4396760.86425781,-0.486485093788644,-0.493104268409411,445,
0.446,47,23038032,-4438921,-4444337.46337891,-0.485785823959532,-0.486180296501971,446,
0.447,32,23033579,-4458839,-4457087.09716797,-0.44877751134004,-0.451344329104586,447,
0.448,-16,23029148,-4429606,-4429532.16552734,-0.495692316711541,-0.503279751720527,448,
0.449,-39,23024682,-4457352,-4463913.57421875,-0.536228525013371,-0.537706599969113,449,
0.45,-14,23020158,-4523554,-4527459.41162109,-0.467870066893738,-0.470611904562645,450,
0.451,-17,23015653,-4515032,-4508301.69677734,-0.435368508009503,-0.43939403622619,451,
0.452,-70,23011187,-4461773,-4461670.53222656,-0.524982114236764,-0.538257291243326,452,
0.453,-108,23006696,-4489275,-4492082.51953125,-0.588985671537557,-0.586058145883214,453,
0.454,-164,23002213,-4484898,-4483023.07128906,-0.599156472159621,-0.606007844782653,454,
0.455,-214,22997714,-4489694,-4495063.78173828,-0.654607890090233,-0.663785960633163,455,
0.456,-188,22993130,-4575984,-4584650.57373047,-0.613142220823761,-0.61420825435107,456,
0.457,-107,22988480,-4650696,-4653753.96728516,-0.4917816376053,-0.48701529389723,457,
0.458,-64,22983858,-4630478,-4623811.95068359,-0.442348672185574,-0.445864174585608,458,
0.459,-67,22979272,-4584487,-4583455.20019531,-0.513185188226885,-0.526022445786566,459,
0.46,-43,22974650,-4615238,-4620815.73486328,-0.545714103873479,-0.540546668483557,460,
0.461,3,22969995,-4655187,-4655939.02587891,-0.474498149186161,-0.471800673834593,461,
0.462,19,22965360,-4640297,-4636546.63085938,-0.457524387200067,-0.45708917878369,462,
0.463,9,22960741,-4615178,-4616009.21630859,-0.507752107055751,-0.510070143761311,463,
0.464,29,22956082,-4651296,-4656966.55273438,-0.51191086305721,-0.506170590442593,464,
0.465,85,22951378,-4702986,-4706573.48632813,-0.4330675472753,-0.425351320713276,465,
0.466,132,22946672,-4709813,-4708425.90332031,-0.368074146966819,-0.370416829404235,466,
0.467,150,22941985,-4687497,-4685015.25878906,-0.378896369490008,-0.384162282182785,467,
0.468,147,22937309,-4676395,-4675442.50488281,-0.418128677743937,-0.41429693539601,468,
0.469,139,22932628,-4679906,-4679944.45800781,-0.422840871258302,-0.42595021199736,469,
0.47,117,22927952,-4676923,-4677643.73779297,-0.43608168507302,-0.437906138185895,470,
0.471,86,22923274,-4675918,-4676716.30859375,-0.457561919128864,-0.464703618473152,471,
0.472,58,22918583,-4689922,-4691163.33007813,-0.474852766059371,-0.47767681484811,472,
0.473,42,22913870,-4710013,-4713196.71630859,-0.478687149021425,-0.475452678380918,473,
0.474,41,22909133,-4737173,-4738781.43310547,-0.457974840762006,-0.455698384926905,474,
0.475,31,22904394,-4740505,-4739263.30566406,-0.452734982128618,-0.450286287836036,475,
0.476,-11,22899677,-4718887,-4717064.81933594,-0.495076525497041,-0.497572504386596,476,
0.477,-47,22894944,-4727112,-4731153.56445313,-0.548891325999705,-0.544792705583973,477,
0.478,-49,22890167,-4774083,-4778876.64794922,-0.519765739465015,-0.519143329111103,478,
0.479,-44,22885374,-4794388,-4793986.51123047,-0.48835172631118,-0.48408209972456,479,
0.48,-54,22880585,-4786935,-4787836.30371094,-0.490958470161331,-0.502576820239824,480,
0.481,-77,22875799,-4789344,-4787210.08300781,-0.524640806058756,-0.530540219684781,481,
0.482,-140,22871043,-4758208,-4754756.16455078,-0.582623833565549,-0.596078994831032,482,
0.483,-191,22866265,-4766807,-4774125.67138672,-0.661540241546504,-0.667665198827194,483,
0.484,-157,22861393,-4862088,-4871983.33740234,-0.606514772278729,-0.599575731266668,484,
0.485,-73,22856460,-4935073,-4937598.87695313,-0.468391711412551,-0.460534687305255,485,
0.486,-30,22851558,-4908744,-4902967.83447266,-0.426445344750334,-0.428311695607363,486,
0.487,-24,22846683,-4871933,-4871101.07421875,-0.495645806694711,-0.497875400431099,487,
0.488,1,22841780,-4898492,-4902148.4375,-0.510604322395181,-0.504693078817866,488,
0.489,45,22836847,-4933960,-4935855.71289063,-0.436501683552024,-0.446333218071004,489,
0.49,58,22831935,-4918749,-4914867.55371094,-0.433044133830037,-0.429774595833919,490,
0.491,28,22827056,-4876407,-4876663.81835938,-0.489938242487085,-0.502779830653935,491,
0.492,34,22822131,-4914159,-4922150.57373047,-0.514311709421804,-0.51744048508084,492,
0.493,91,22817146,-4982708,-4987628.47900391,-0.429516062106757,-0.420936108267767,493,
0.494,139,22812159,-4996233,-4991584.47265625,-0.352468610388769,-0.345556926139068,494,
0.495,117,22807232,-4931906,-4926052.55126953,-0.402541202966518,-0.40464475138856,495,
0.496,73,22802317,-4909329,-4910958.55712891,-0.497311611710813,-0.498843660819318,496,
0.497,56,22797365,-4946209,-4951506.65283203,-0.498850033501412,-0.50021107643903,497,
0.498,58,22792385,-4981289,-4982669.06738281,-0.453846434218917,-0.453520300770094,498,
0.499,47,22787407,-4980804,-4978877.25830078,-0.452809377030633,-0.44787192152711,499,
0.5,24,22782431,-4973194,-4974926.45263672,-0.486628179866159,-0.486135793351878,500,
0.501,30,22777416,-5012319,-5015516.35742188,-0.471412397933307,-0.4730325379291,501,
0.502,14,22772414,-5010651,-5005264.28222656,-0.452087151462706,-0.455198604693066,502,
0.503,-54,22767453,-4959731,-4958019.40917969,-0.542793514232244,-0.547684776592632,503,
0.504,-84,22762444,-4994662,-5004534.30175781,-0.593032571124581,-0.598268028734424,504,
0.505,-35,22757346,-5094792,-5101354.06494141,-0.489872860881292,-0.48747454950626,505,
0.506,-14,22752266,-5090675,-5082749.0234375,-0.413955627218002,-0.418791014183455,506,
0.507,-43,22747227,-5035532,-5035942.68798828,-0.50675997551582,-0.511869599060446,507,
0.508,-79,22742184,-5043726,-5043688.35449219,-0.576297379822847,-0.567607822893478,508,
0.509,-131,22737147,-5038332,-5037958.37402344,-0.605713433911546,-0.604290459770596,509,
0.51,-161,22732078,-5060499,-5066215.20996094,-0.62920553426693,-0.632406029005665,510,
0.511,-116,22726924,-5145647,-5154562.37792969,-0.557566306739091,-0.561479520834894,511,
0.512,-41,22721731,-5200157,-5198771.97265625,-0.440715716409215,-0.441323057658508,512,
0.513,-28,22716589,-5147959,-5141354.37011719,-0.450297026333487,-0.45637779733778,513,
0.514,-41,22711463,-5121159,-5122315.67382813,-0.540240568493914,-0.542140860044526,514,
0.515,-44,22706317,-5144029,-5146256.71386719,-0.551344280483079,-0.552804293638189,515,
0.516,-39,22701154,-5163286,-5164379.27246094,-0.525826124928244,-0.5305023356741,516,
0.517,-28,22695974,-5175346,-5178482.66601563,-0.519315145070323,-0.524191972073481,517,
0.518,23,22690744,-5223247,-5229047.24121094,-0.468876809831841,-0.477106266155658,518,
0.519,108,22685470,-5272201,-5275675.65917969,-0.393208850142173,-0.380662130552878,519,
0.52,174,22680205,-5272455,-5268952.02636719,-0.324589499346757,-0.321240848551383,520,
0.521,172,22674999,-5213073,-5205825.80566406,-0.365448883609588,-0.3681649840928,521,
0.522,122,22669830,-5166989,-5165559.08203125,-0.462672141212693,-0.47109474965788,522,
0.523,88,22664635,-5188221,-5193571.16699219,-0.510375539587187,-0.508856940006638,523,
0.524,101,22659383,-5248984,-5253949.58496094,-0.453010767868079,-0.446839406195124,524,
0.525,112,22654124,-5261406,-5259918.82324219,-0.388973868412904,-0.396627072317756,525,
0.526,89,22648888,-5236209,-5234691.77246094,-0.430344193905285,-0.43364179282753,526,
0.527,64,22643644,-5241554,-5243292.84667969,-0.464442373715485,-0.47184940196729,527,
0.528,24,22638405,-5242282,-5240085.44921875,-0.488171319553999,-0.488822776663312,528,
0.529,-29,22633169,-5229944,-5232233.88671875,-0.544958008028345,-0.54136543490398,529,
0.53,-24,22627866,-5293902,-5302324.82910156,-0.52374415912567,-0.523681347717627,530,
0.531,16,22622517,-5353474,-5354013.06152344,-0.434951220561004,-0.426633990223593,531,
0.532,-11,22617225,-5301211,-5293180.54199219,-0.431517964488989,-0.446281673283238,532,
0.533,-98,22611983,-5244074,-5240921.02050781,-0.584523808242466,-0.586350514679395,533,
0.534,-201,22606747,-5229497,-5232655.02929688,-0.69814626540574,-0.70243546774509,534,
0.535,-249,22601447,-5290088,-5298560.79101563,-0.71268774011503,-0.714752911611754,535,
0.536,-212,22596051,-5389521,-5398209.83886719,-0.613362272001041,-0.613958417046433,536,
0.537,-151,22590621,-5433396,-5431719.97070313,-0.50534946507355,-0.509322110591313,537,
0.538,-128,22585219,-5404368,-5401879.8828125,-0.516608339548839,-0.521898757140718,538,
0.539,-111,22579814,-5400031,-5402301.63574219,-0.567273873226839,-0.564767789587222,539,
0.54,-85,22574389,-5423508,-5425719.60449219,-0.547827264130945,-0.550413305566337,540,
0.541,-65,22568960,-5430550,-5431165.16113281,-0.538070828677746,-0.532916068235636,541,
0.542,-26,22563502,-5451176,-5455852.66113281,-0.508114223273083,-0.518502645707429,542,
0.543,62,22557985,-5510705,-5517059.32617188,-0.437109658548707,-0.436116294722183,543,
0.544,157,22552452,-5538462,-5536995.84960938,-0.333590789575908,-0.334446841467809,544,
0.545,185,22546975,-5485606,-5477304.6875,-0.335947167998597,-0.341864326551558,545,
0.546,151,22541550,-5425119,-5422683.10546875,-0.443331720012907,-0.44657897122579,546,
0.547,128,22536104,-5438430,-5443419.79980469,-0.495381780490163,-0.492211423960669,547,
0.548,156,22530597,-5499364,-5505297.8515625,-0.423973729927127,-0.426215118406617,548,
0.549,193,22525072,-5531276,-5529838.25683594,-0.348764638556418,-0.34397692347801,549,
0.55,185,22519581,-5494904,-5490443.72558594,-0.359590452314819,-0.362761477799893,550,
0.551,155,22514102,-5478073,-5478225.09765625,-0.426708666791114,-0.424517872478305,551,
0.552,96,22508642,-5462567,-5459708.86230469,-0.465653042480596,-0.46887769003655,552,
0.553,24,22503186,-5450481,-5453654.17480469,-0.536096318266061,-0.538218491819748,553,
0.554,12,22497659,-5516347,-5526005.859375,-0.525401091678305,-0.522457968796516,554,
0.555,45,22492077,-5588111,-5588164.67285156,-0.430047388877369,-0.414970820121312,555,
0.556,-4,22486567,-5520154,-5509794.921875,-0.428189171111853,-0.447341791834901,556,
0.557,-115,22481109,-5458857,-5456177.36816406,-0.618121292405931,-0.617464025945537,557,
0.558,-228,22475644,-5458033,-5461774.29199219,-0.730482310596472,-0.730104667568071,558,
0.559,-289,22470116,-5520003,-5528630.98144531,-0.73817304643012,-0.739047617829101,559,
0.56,-280,22464508,-5601769,-5609396.36230469,-0.662801891768368,-0.665841555502652,560,
0.561,-257,22458876,-5636837,-5636140.74707031,-0.602003265438043,-0.601315086188265,561,
0.562,-257,22453257,-5617666,-5617222.90039063,-0.632240198438467,-0.632340823440813,562,
0.563,-251,22447623,-5631200,-5634037.47558594,-0.667081658313236,-0.663719628406284,563,
0.564,-234,22441967,-5654536,-5658198.85253906,-0.650927718993216,-0.654687531012314,564,
0.565,-179,22436263,-5697148,-5702365.72265625,-0.613926448011398,-0.610071996381976,565,
0.566,-65,22430490,-5765885,-5773425.90332031,-0.501695770534184,-0.503852659361598,566,
0.567,78,22424679,-5812403,-5813403.3203125,-0.372422851144506,-0.370976815640176,567,
0.568,194,22418884,-5802902,-5798463.13476563,-0.304773521146728,-0.300432140272221,568,
0.569,248,22413141,-5747555,-5741951.90429688,-0.319231341200464,-0.321997542935719,569,
0.57,263,22407427,-5711736,-5711987.3046875,-0.365160493338692,-0.376245157697952,570,
0.571,290,22401691,-5732393,-5735667.72460938,-0.374578366852575,-0.365987744932511,571,
0.572,329,22395934,-5759099,-5758765.86914063,-0.309460118308152,-0.302798024905769,572,
0.573,319,22390215,-5726435,-5721059.5703125,-0.292519240769991,-0.304578714240506,573,
0.574,266,22384529,-5685713,-5682985.22949219,-0.381562192680235,-0.384108413654587,574,
0.575,191,22378855,-5673963,-5673157.95898438,-0.449148253563521,-0.449582405734247,575,
0.576,113,22373175,-5675905,-5678529.66308594,-0.494421688401644,-0.499723971153003,576,
0.577,72,22367447,-5722063,-5728560.79101563,-0.475568407696073,-0.496088408830644,577,
0.578,62,22361678,-5770367,-5772177.12402344,-0.447369887969217,-0.442852395736509,578,
0.579,2,22355949,-5737928,-5731600.34179688,-0.457521429712244,-0.47046667078564,579,
0.58,-115,22350267,-5684750,-5681082.15332031,-0.608487979987444,-0.610556038555615,580,
0.581,-245,22344589,-5670827,-5673510.13183594,-0.731518346747293,-0.738657440685643,581,
0.582,-312,22338837,-5740795,-5749972.53417969,-0.755188600535803,-0.759093822372847,582,
0.583,-309,22333005,-5827881,-5835344.84863281,-0.676597868297222,-0.677524477398606,583,
0.584,-296,22327153,-5855606,-5853766.47949219,-0.624795849506995,-0.622699765220887,584,
0.585,-304,22321312,-5838634,-5838425.90332031,-0.661295403804615,-0.664537585038374,585,
0.586,-289,22315439,-5868020,-5872214.35546875,-0.680733633351679,-0.683213627723717,586,
0.587,-238,22309519,-5916662,-5920692.13867188,-0.631453365844891,-0.630117989676592,587,
0.588,-157,22303559,-5955342,-5959317.62695313,-0.553823641107726,-0.557375795231849,588,
0.589,-44,22297557,-5997586,-6003229.37011719,-0.478989270485783,-0.473693606873837,589,
0.59,92,22291523,-6033293,-6035081.17675781,-0.376858554755643,-0.37073063998713,590,
0.591,196,22285510,-6021888,-6016609.49707031,-0.300214518459939,-0.304941464205228,591,
0.592,226,22279561,-5952141,-5947091.67480469,-0.347139921496137,-0.353045109265054,592,
0.593,237,22273621,-5934307,-5936345.21484375,-0.414643383969519,-0.408034701388885,593,
0.594,274,22267645,-5972171,-5977162.47558594,-0.367014767787111,-0.368731554259966,594,
0.595,315,22261656,-5993821,-5990983.88671875,-0.300472171982392,-0.295089209667395,595,
0.596,283,22255729,-5935173,-5927008.66699219,-0.326408002275798,-0.331761794606734,596,
0.597,208,22249835,-5890061,-5889614.86816406,-0.442030073289061,-0.449136388404042,597,
0.598,146,22243918,-5911534,-5916048.58398438,-0.498163825910183,-0.492546112999264,598,
0.599,102,22237973,-5941897,-5945166.62597656,-0.477380291485701,-0.476829881876995,599,
0.6,76,22232001,-5971690,-5973471.06933594,-0.465916963060579,-0.459337186402593,600,
0.601,32,22226036,-5969791,-5965843.50585938,-0.476716124220388,-0.472619510671393,601,
0.602,-49,22220098,-5939635,-5937117.91992188,-0.547192284453786,-0.55195207943882,602,
0.603,-172,22214192,-5906068,-5903394.16503906,-0.660052132257078,-0.667967496332494,603,
0.604,-261,22208243,-5937216,-5946152.34375,-0.744995759587823,-0.746449787350912,604,
0.605,-256,22202189,-6044822,-6055095.82519531,-0.677350971446344,-0.673332801741026,605,
0.606,-232,22196106,-6093386,-6088618.1640625,-0.57718290096841,-0.571113783874466,606,
0.607,-275,22190080,-6028659,-6024157.71484375,-0.63509170961413,-0.646211652578131,607,
0.608,-287,22184013,-6053940,-6062619.01855469,-0.725343886753762,-0.723386945228071,608,
0.609,-217,22177855,-6152118,-6160194.09179688,-0.634666605947814,-0.622564143279305,609,
0.61,-133,22171672,-6187040,-6186309.20410156,-0.497776430213605,-0.508252028122342,610,
0.611,-66,22165496,-6175753,-6176044.31152344,-0.496454573989638,-0.492807463381496,611,
0.612,22,22159289,-6201746,-6206546.02050781,-0.460577254004988,-0.46297901578248,612,
0.613,127,22153055,-6234397,-6235108.64257813,-0.384071092974921,-0.375887442504165,613,
0.614,192,22146852,-6210104,-6204674.68261719,-0.336056524631658,-0.337618747157592,614,
0.615,204,22140691,-6160700,-6158447.265625,-0.382739378458211,-0.39055908188584,615,
0.616,216,22134520,-6166545,-6169872.43652344,-0.420047524009817,-0.414653453511391,616,
0.617,237,22128330,-6191966,-6192760.00976563,-0.374506260482804,-0.374774053963506,617,
0.618,238,22122151,-6183199,-6181250,-0.367040152890922,-0.362978923571234,618,
0.619,182,22116018,-6138741,-6133202.51464844,-0.416126493696197,-0.42172107482736,619,
0.62,95,22109906,-6106919,-6109014.28222656,-0.528919833231669,-0.529955376467854,620,
0.621,60,22103732,-6163321,-6173006.59179688,-0.537968513682358,-0.538105614367851,621,
0.622,61,22097512,-6224579,-6224044.18945313,-0.456481837534398,-0.453332359460603,622,
0.623,9,22091336,-6181239,-6175307.6171875,-0.472563529651893,-0.485163413605619,623,
0.624,-74,22085180,-6155038,-6154994.50683594,-0.591220053587563,-0.594763898579231,624,
0.625,-141,22078998,-6173476,-6179123.53515625,-0.654515081305703,-0.653075981814482,625,
0.626,-154,22072752,-6239629,-6246859.74121094,-0.619965497312478,-0.618106504966818,626,
0.627,-137,22066467,-6286387,-6287661.1328125,-0.549439482284356,-0.551719001231845,627,
0.628,-157,22060208,-6262024,-6260005.49316406,-0.569449809684158,-0.574024796888466,628,
0.629,-173,22053935,-6266738,-6271304.32128906,-0.627584830940123,-0.628114714175013,629,
0.63,-149,22047612,-6317020,-6322829.58984375,-0.600841676887512,-0.598570537488854,630,
0.631,-100,22041254,-6359343,-6361680.29785156,-0.515738978961735,-0.527038694935527,631,
0.632,-65,22034901,-6354342,-6353223.87695313,-0.505680034754107,-0.506913025510642,632,
0.633,-23,22028530,-6363902,-6368499.14550781,-0.508679385112714,-0.511036819781054,633,
0.634,62,22022106,-6421242,-6425549.92675781,-0.42788845797503,-0.432425666793222,634,
0.635,130,22015689,-6423832,-6419613.03710938,-0.361010081677875,-0.361970138558206,635,
0.636,143,22009317,-6375222,-6371585.69335938,-0.392008391751688,-0.397571320721511,636,
0.637,146,22002946,-6366338,-6368503.41796875,-0.45325211999932,-0.445492340908288,637,
0.638,167,21996546,-6396260,-6400546.875,-0.413320365875336,-0.420586631790059,638,
0.639,193,21990131,-6417954,-6417819.21386719,-0.368272545108255,-0.368536817770121,639,
0.64,170,21983755,-6383093,-6376615.60058594,-0.379829245648921,-0.389105969535649,640,
0.641,91,21977426,-6327338,-6324655.76171875,-0.507720032396151,-0.501845968665748,641,
0.642,35,21971063,-6353920,-6360474.85351563,-0.553433816046152,-0.560662197950194,642,
0.643,19,21964650,-6414540,-6417552.49023438,-0.516213972630965,-0.508486690697794,643,
0.644,-17,21958247,-6407698,-6403775.63476563,-0.495641652128484,-0.501873747926368,644,
0.645,-97,21951878,-6371370,-6367993.77441406,-0.589373348899642,-0.589311840194569,645,
0.646,-182,21945505,-6364103,-6369879.15039063,-0.676681030038139,-0.68975988618638,646,
0.647,-178,21939032,-6460409,-6471134.64355469,-0.652136275267026,-0.649665575856716,647,
0.648,-130,21932505,-6533009,-6533989.2578125,-0.530095575473922,-0.522666471688012,648,
0.649,-121,21926007,-6501132,-6496917.72460938,-0.51509294391343,-0.521124317829447,649,
0.65,-122,21919509,-6493067,-6496231.07910156,-0.570156966147465,-0.582375721462142,650,
0.651,-90,21912969,-6536267,-6540971.6796875,-0.574731706894454,-0.55901019454393,651,
0.652,-52,21906412,-6559295,-6559210.20507813,-0.504987067190712,-0.505147757362408,652,
0.653,-20,21899851,-6557456,-6558657.83691406,-0.489106554661532,-0.497893990354555,653,
0.654,50,21893242,-6602478,-6609066.77246094,-0.447142337447815,-0.45468974074663,654,
0.655,133,21886611,-6636061,-6635012.20703125,-0.362544454526812,-0.36076344831838,655,
0.656,137,21880048,-6573991,-6564105.22460938,-0.381644509424632,-0.380606290366131,656,
0.657,89,21873527,-6516836,-6516600.95214844,-0.497250384671247,-0.503845652932114,657,
0.658,81,21866956,-6560492,-6569141.84570313,-0.519010030909953,-0.521542239025337,658,
0.659,136,21860312,-6641291,-6646185.91308594,-0.414271655916764,-0.40836639773147,659,
0.66,156,21853694,-6632928,-6622875.9765625,-0.340899974272247,-0.344280065979831,660,
0.661,58,21847183,-6516938,-6508347.77832031,-0.488358451075158,-0.497922016072494,661,
0.662,-21,21840643,-6524690,-6534423.828125,-0.629101881360384,-0.634790679603611,662,
0.663,-4,21833997,-6637764,-6647113.64746094,-0.55065117208693,-0.541479650267036,663,
0.664,3,21827351,-6661498,-6653400.26855469,-0.438373069179988,-0.439053643461079,664,
0.665,-100,21820806,-6551129,-6543409.42382813,-0.569277113520229,-0.58222957227224,665,
0.666,-178,21814225,-6563252,-6574996.94824219,-0.723371946539828,-0.725341844678837,666,
0.667,-144,21807522,-6692788,-6704636.84082031,-0.627150009813818,-0.620212729211175,667,
0.668,-90,21800789,-6744074,-6739531.25,-0.469595162499047,-0.476185536821731,668,
0.669,-105,21794116,-6676154,-6671406.25,-0.526046140897336,-0.534719466851868,669,
0.67,-112,21787424,-6681814,-6687218.62792969,-0.600985185463287,-0.610651663995213,670,
0.671,-78,21780681,-6741112,-6745750.12207031,-0.567039950023343,-0.557201620324008,671,
0.672,-24,21773908,-6770823,-6771907.95898438,-0.482143818538702,-0.485842544350987,672,
0.673,38,21767117,-6788882,-6791654.05273438,-0.44959462297561,-0.446109716491264,673,
0.674,131,21760286,-6828362,-6830373.53515625,-0.374214947932273,-0.375209403212637,674,
0.675,181,21753487,-6811269,-6803875.73242188,-0.332293403042854,-0.331168431008223,675,
0.676,143,21746766,-6724873,-6718509.52148438,-0.423620732630582,-0.430041825983608,676,
0.677,113,21740027,-6728713,-6735276.48925781,-0.513710142315404,-0.512267240339838,677,
0.678,151,21733211,-6809804,-6817586.05957031,-0.439764848866048,-0.432554845636332,678,
0.679,193,21726380,-6843280,-6837958.984375,-0.326218441389642,-0.32366919251109,679,
0.68,94,21719680,-6713301,-6699139.40429688,-0.431602957055702,-0.444110736388666,680,
0.681,-34,21712999,-6664064,-6672558.59375,-0.654313479219127,-0.664370627809149,681,
0.682,-44,21706190,-6794049,-6809049.07226563,-0.630655970794805,-0.615158945853295,682,
0.683,28,21699290,-6906262,-6907514.6484375,-0.406505644976392,-0.413572421295839,683,
0.684,-31,21692510,-6803955,-6783095.703125,-0.436511893926649,-0.440610655175135,684,
0.685,-205,21685835,-6662463,-6663817.13867188,-0.731961758671559,-0.749981168643899,685,
0.686,-260,21679031,-6783293,-6801807.25097656,-0.823141953240111,-0.807104693856331,686,
0.687,-182,21672084,-6939378,-6951259.15527344,-0.597445002123209,-0.591666070917768,687,
0.688,-112,21665136,-6966884,-6957747.80273438,-0.444332231101669,-0.441718058323772,688,
0.689,-164,21658299,-6840215,-6832016.6015625,-0.572647241310506,-0.584818782444586,689,
0.69,-191,21651427,-6855513,-6866289.67285156,-0.710910571599129,-0.709977272941956,690,
0.691,-105,21644432,-6984499,-6995776.3671875,-0.581953293618142,-0.578651258464163,691,
0.692,39,21637370,-7064882,-7066268.92089844,-0.387831679574163,-0.375887055214093,692,
0.693,129,21630351,-7027288,-7019957.88574219,-0.303255520105381,-0.319371082500084,693,
0.694,148,21623393,-6959120,-6956185.91308594,-0.399962836916188,-0.401140022694165,694,
0.695,153,21616439,-6948626,-6950541.38183594,-0.453349576264714,-0.455283421218837,695,
0.696,185,21609448,-6989688,-6993545.53222656,-0.418795556039754,-0.414002841398599,696,
0.697,224,21602441,-7010432,-7009597.16796875,-0.347145801263594,-0.348594829463934,697,
0.698,213,21595473,-6975862,-6968889.77050781,-0.365660167947965,-0.362746091821577,698,
0.699,108,21588589,-6888869,-6882366.94335938,-0.496272442031227,-0.499335096712514,699,
0.7,9,21581689,-6884858,-6894519.04296875,-0.615613553981461,-0.628921826685087,700,
0.701,13,21574676,-7002549,-7013550.41503906,-0.570646712047619,-0.55232025146455,701,
0.702,32,21567639,-7050378,-7045203.24707031,-0.427582956524589,-0.42715531786871,702,
0.703,-100,21560742,-6914012,-6896594.23828125,-0.548665219014026,-0.565911492378063,703,
0.704,-272,21553875,-6850504,-6858911.74316406,-0.830681012198283,-0.842486106507863,704,
0.705,-317,21546871,-6985470,-7001631.46972656,-0.827865765456636,-0.824753502437943,705,
0.706,-251,21539747,-7121931,-7129769.28710938,-0.633637188936405,-0.625390374975723,706,
0.707,-221,21532648,-7114681,-7105008.54492188,-0.547164047486717,-0.548390700769346,707,
0.708,-272,21525620,-7023655,-7021640.01464844,-0.680323035458969,-0.69639254554329,708,
0.709,-259,21518518,-7084903,-7098366.08886719,-0.760943167674895,-0.745699923355119,709,
0.71,-131,21511291,-7220243,-7230361.328125,-0.563578597817013,-0.561320978362687,710,
0.711,21,21504031,-7265364,-7262822.87597656,-0.384292482063358,-0.379559234052351,711,
0.712,110,21496823,-7217010,-7208996.58203125,-0.363944437720761,-0.36069820754534,712,
0.713,144,21489660,-7163443,-7160789.79492188,-0.420367707274806,-0.429845505125286,713,
0.714,186,21482479,-7174115,-7177995.60546875,-0.439499414333966,-0.439862516380572,714,
0.715,262,21475254,-7224881,-7227769.16503906,-0.364982868028392,-0.350158812399286,715,
0.716,304,21468054,-7209639,-7203167.11425781,-0.300553362064761,-0.295893593542871,716,
0.717,222,21460967,-7099720,-7086668.70117188,-0.401827955486624,-0.414656410999214,717,
0.718,104,21453906,-7046295,-7053104.85839844,-0.602382457626732,-0.605788638601894,718,
0.719,83,21446738,-7155425,-7168468.62792969,-0.570927638182582,-0.57014738952023,719,
0.72,95,21439528,-7222481,-7217518.92089844,-0.433180354310821,-0.432598046083456,720,
0.721,-32,21432446,-7097191,-7082327.88085938,-0.53393999276966,-0.548931181668934,721,
0.722,-200,21425395,-7035254,-7041936.64550781,-0.800674692831649,-0.804705467068402,722,
0.723,-263,21418229,-7151921,-7164498.90136719,-0.81364285443567,-0.8075665548713,723,
0.724,-252,21410979,-7252719,-7254860.83984375,-0.666185117004716,-0.667506128232162,724,
0.725,-269,21403748,-7235545,-7231771.24023438,-0.650123282305458,-0.655927915488405,725,
0.726,-289,21396509,-7230137,-7234910.88867188,-0.728469528884034,-0.732162234096108,726,
0.727,-242,21389193,-7308158,-7317601.92871094,-0.696387616396919,-0.688663855282584,727,
0.728,-135,21381807,-7384363,-7388674.92675781,-0.548138574932466,-0.551678300566095,728,
0.729,-17,21374400,-7407565,-7409271.24023438,-0.456240027696708,-0.452391455834743,729,
0.73,104,21366981,-7421332,-7420257.56835938,-0.379353653440489,-0.386578338484753,730,
0.731,176,21359600,-7386674,-7381387.32910156,-0.36347852776413,-0.371781428368877,731,
0.732,212,21352245,-7351761,-7352056.88476563,-0.415219495555732,-0.407656776694978,732,
0.733,264,21344864,-7378708,-7381293.33496094,-0.389407351628051,-0.382449227777897,733,
0.734,301,21337489,-7383030,-7378267.82226563,-0.334159084944304,-0.329777989233321,734,
0.735,226,21330215,-7285749,-7272611.08398438,-0.40833710451875,-0.417575838770233,735,
0.736,112,21322970,-7233576,-7238437.5,-0.598076355356966,-0.597023841773989,736,
0.737,83,21315630,-7326108,-7338763.42773438,-0.576513417266654,-0.581113683950207,737,
0.738,96,21308238,-7403629,-7401032.71484375,-0.4613176822063,-0.445813826876247,738,
0.739,-30,21300976,-7278554,-7261672.36328125,-0.538354606675966,-0.5504687936712,739,
0.74,-204,21293751,-7210744,-7217196.04492188,-0.804820316178848,-0.816061797809084,740,
0.741,-287,21286425,-7310961,-7322665.40527344,-0.850396893518791,-0.842200497683848,741,
0.742,-295,21279014,-7410475,-7414923.09570313,-0.733018145155256,-0.726480547906931,742,
0.743,-336,21271627,-7393557,-7388294.06738281,-0.715964918288023,-0.722671796506006,743,
0.744,-359,21264211,-7402887,-7412024.53613281,-0.794596703274237,-0.802881189996469,744,
0.745,-282,21256685,-7515603,-7527142.94433594,-0.730576457292159,-0.711474747609486,745,
0.746,-135,21249079,-7605804,-7609907.2265625,-0.525187272350365,-0.524745163129069,746,
0.747,3,21241472,-7609329,-7608097.53417969,-0.420805309847992,-0.422048370146399,747,
0.748,121,21233876,-7596280,-7595895.38574219,-0.405183190213222,-0.393191809379005,748,
0.749,216,21226292,-7587033,-7584711.9140625,-0.362936673745196,-0.363842897305517,749,
0.75,281,21218728,-7563622,-7563417.96875,-0.346585146072073,-0.353787262667595,750,
0.751,323,21211177,-7554088,-7552857.66601563,-0.344525431844545,-0.343042920657069,751,
0.752,318,21203663,-7520301,-7515386.96289063,-0.374591499506835,-0.364587902571316,752,
0.753,247,21196206,-7461325,-7455673.21777344,-0.447026467299906,-0.453625784502435,753,
0.754,168,21188746,-7452999,-7456979.37011719,-0.541209814711408,-0.544339435366965,754,
0.755,136,21181229,-7513908,-7519059.44824219,-0.532859594301499,-0.51959251517826,755,
0.756,73,21173733,-7503902,-7498087.76855469,-0.507327813177767,-0.511853051211915,756,
0.757,-46,21166284,-7452740,-7448071.89941406,-0.619461668136978,-0.630111159288049,757,
0.758,-161,21158820,-7453094,-7458571.77734375,-0.740948437502539,-0.749116385121283,758,
0.759,-180,21151250,-7557303,-7570018.31054688,-0.719628964034769,-0.710598627050217,759,
0.76,-163,21143634,-7624300,-7622811.27929688,-0.591281315835317,-0.592810407456,760,
0.761,-194,21136056,-7580591,-7576107.17773438,-0.619383717207938,-0.630731950065297,761,
0.762,-199,21128443,-7599865,-7608782.95898438,-0.695134064058379,-0.694176964665871,762,
0.763,-119,21120734,-7701469,-7710283.81347656,-0.590752136764195,-0.589514991441433,763,
0.764,-15,21112991,-7748351,-7747746.58203125,-0.456478316715561,-0.449165399951255,764,
0.765,49,21105278,-7717068,-7713582.76367188,-0.418491638957789,-0.431564439297631,765,
0.766,95,21097573,-7701975,-7703292.23632813,-0.44111846287592,-0.458983837024164,766,
0.767,157,21089843,-7725963,-7729537.96386719,-0.438971925255885,-0.426501114520704,767,
0.768,223,21082098,-7747160,-7745674.43847656,-0.362212265269591,-0.357559855259069,768,
0.769,243,21074389,-7714311,-7709573.36425781,-0.354061921745028,-0.356379993658777,769,
0.77,202,21066731,-7661925,-7656851.80664063,-0.425172111034499,-0.432905906482517,770,
0.771,138,21059087,-7639082,-7640402.83203125,-0.525480063644807,-0.521082525709858,771,
0.772,100,21051406,-7678258,-7682169.18945313,-0.533554251857936,-0.527488725999206,772,
0.773,59,21043718,-7689961,-7689064.94140625,-0.509854387983012,-0.513436328234491,773,
0.774,-31,21036069,-7656557,-7650582.27539063,-0.571637611300957,-0.5801169401376,774,
0.775,-138,21028427,-7631430,-7636970.21484375,-0.701117906920103,-0.70767184076783,775,
0.776,-153,21020684,-7733433,-7744789.42871094,-0.687870755631479,-0.680198680137664,776,
0.777,-128,21012890,-7798600,-7798816.52832031,-0.562512705122458,-0.565481248316246,777,
0.778,-139,21005122,-7770369,-7767895.5078125,-0.572872714548794,-0.577836505777213,778,
0.779,-137,20997331,-7782239,-7788173.828125,-0.628360256080668,-0.623032482600934,779,
0.78,-84,20989479,-7847674,-7852431.640625,-0.554618782833757,-0.560169952268666,780,
0.781,-17,20981604,-7875015,-7876071.16699219,-0.48331322330705,-0.481020747746243,781,
0.782,65,20973703,-7897166,-7900888.671875,-0.434715994654539,-0.429150777152472,782,
0.783,145,20965794,-7912633,-7910831.90917969,-0.372640156083094,-0.370189243674645,783,
0.784,164,20957936,-7866518,-7859079.58984375,-0.378814686493001,-0.383299928025167,784,
0.785,134,20950118,-7814316,-7813150.63476563,-0.480605643205422,-0.475639387403817,785,
0.786,138,20942255,-7852379,-7860499.26757813,-0.486436999403338,-0.489150846562495,786,
0.787,179,20934345,-7915205,-7914694.21386719,-0.391974239808974,-0.388511303234168,787,
0.788,136,20926509,-7849838,-7836840.20996094,-0.396048531366546,-0.407710152308539,788,
0.789,39,20918717,-7781748,-7785598.75488281,-0.583695218737489,-0.581020135793722,789,
0.79,20,20910838,-7867747,-7879106.4453125,-0.587774228192302,-0.580479760518699,790,
0.791,10,20902939,-7909262,-7904534.91210938,-0.493697420758792,-0.4874726130559,791,
0.792,-87,20895117,-7826080,-7820520.01953125,-0.571044775825271,-0.590003329014053,792,
0.793,-147,20887248,-7854336,-7864172.36328125,-0.685423716123751,-0.692897710349826,793,
0.794,-115,20879278,-7962711,-7970932.6171875,-0.60500497474527,-0.595400110542982,794,
0.795,-67,20871281,-8001429,-8000038.45214844,-0.486482734840024,-0.486051188075237,795,
0.796,-77,20863332,-7955213,-7948550.41503906,-0.523059817568424,-0.520789030251649,796,
0.797,-107,20855393,-7930218,-7934462.890625,-0.610990718849166,-0.617937716911797,797,
0.798,-52,20847359,-8020562,-8033629.15039063,-0.561489801625896,-0.565239015980296,798,
0.799,70,20839249,-8112902,-8114696.04492188,-0.376068588633302,-0.381821148905658,799,
0.8,102,20831218,-8050136,-8035538.94042969,-0.33477776323025,-0.347868801411664,800,
0.801,47,20823264,-7946833,-7946002.80761719,-0.523362748821114,-0.526171939754363,801,
0.802,51,20815241,-8008217,-8019055.78613281,-0.560894466368836,-0.557756853454521,802,
0.803,146,20807117,-8119891,-8128018.18847656,-0.388327868572787,-0.391307009431273,803,
0.804,186,20799039,-8104938,-8089291.9921875,-0.286404581884398,-0.287728726640609,804,
0.805,78,20791098,-7938284,-7932265.625,-0.47711397674891,-0.50482648264358,805,
0.806,10,20783107,-7976665,-7987514.6484375,-0.639031998806786,-0.631134590907436,806,
0.807,25,20775023,-8083077,-8088960.57128906,-0.533608965382655,-0.519418586727738,807,
0.808,-14,20766984,-8058268,-8045267.94433594,-0.467150798813634,-0.477247732656508,808,
0.809,-130,20759011,-7963874,-7965677.49023438,-0.6574188414329,-0.666938431402968,809,
0.81,-169,20750951,-8046546,-8058456.42089844,-0.712373894323946,-0.706742062929493,810,
0.811,-120,20742793,-8153305,-8160878.90625,-0.569828262500891,-0.570964994070437,811,
0.812,-92,20734646,-8164922,-8154659.42382813,-0.486790560030897,-0.481441696846332,812,
0.813,-151,20726577,-8062782,-8060844.11621094,-0.605759979136565,-0.622246565420255,813,
0.814,-134,20718421,-8137060,-8152210.08300781,-0.674085482391888,-0.662030128279412,814,
0.815,9,20710129,-8284943,-8296638.79394531,-0.47082259036182,-0.448870883455584,815,
0.816,158,20701821,-8326605,-8318455.20019531,-0.259081144075253,-0.246871613305927,816,
0.817,142,20693668,-8163811,-8148426.51367188,-0.336328120596704,-0.357765048580859,817,
0.818,99,20685533,-8122380,-8129006.95800781,-0.539224319344953,-0.542310704345198,818,
0.819,137,20677306,-8216128,-8226309.81445313,-0.472962720091573,-0.474960186242072,819,
0.82,193,20669051,-8268893,-8263601.07421875,-0.340012868758208,-0.327659301290282,820,
0.821,103,20660932,-8128986,-8116846.31347656,-0.421520352945493,-0.4460394057391,821,
0.822,14,20652803,-8115595,-8122826.53808594,-0.637724014609034,-0.621612677196936,822,
0.823,-20,20644608,-8196774,-8199984.13085938,-0.601579218017378,-0.582366532124979,823,
0.824,-112,20636461,-8159344,-8149343.26171875,-0.583643814782477,-0.598220568096508,824,
0.825,-223,20628323,-8121859,-8132224.73144531,-0.752751912235453,-0.75781653971535,825,
0.826,-239,20620080,-8232895,-8243849.48730469,-0.719351171428571,-0.725224953493466,826,
0.827,-193,20611766,-8321300,-8321864.62402344,-0.593773562656907,-0.587954036410281,827,
0.828,-231,20603525,-8250628,-8240265.50292969,-0.61083777447891,-0.621492124359975,828,
0.829,-262,20595267,-8238663,-8249403.07617188,-0.743077335820203,-0.751698412823202,829,
0.83,-158,20586864,-8387964,-8403123.77929688,-0.634831098603854,-0.624853802185044,830,
0.831,29,20578368,-8505796,-8506492.91992188,-0.384724592159159,-0.357577212895933,831,
0.832,57,20570022,-8370119,-8348502.19726563,-0.336149615081695,-0.363977674250577,832,
0.833,24,20561726,-8279324,-8285811.76757813,-0.587913018870836,-0.58733201334644,833,
0.834,83,20553328,-8385155,-8397050.17089844,-0.543337199076973,-0.53900067693246,834,
0.835,221,20544841,-8493067,-8496672.36328125,-0.330677488029664,-0.31605602031641,835,
0.836,180,20536524,-8351935,-8322749.63378906,-0.318633435745653,-0.329687539397412,836,
0.837,23,20528312,-8193310,-8197847.90039063,-0.658404952372621,-0.677370688031829,837,
0.838,-31,20519987,-8310522,-8323363.64746094,-0.714202044296599,-0.710384420432206,838,
0.839,-18,20511585,-8403270,-8406644.28710938,-0.567253522893964,-0.558077705675089,839,
0.84,-115,20503283,-8321904,-8303872.0703125,-0.571193988127561,-0.593837148645093,840,
0.841,-250,20495010,-8256856,-8264447.02148438,-0.831866331067772,-0.83683512185894,841,
0.842,-301,20486642,-8355823,-8367102.66113281,-0.849874333587081,-0.844022662264479,842,
0.843,-269,20478181,-8465577,-8469247.43652344,-0.71056862967373,-0.703012248286882,843,
0.844,-297,20469770,-8418955,-8411738.28125,-0.702005434932403,-0.702844868559396,844,
0.845,-294,20461318,-8431553,-8445525.51269531,-0.795947218963533,-0.792282539469397,845,
0.846,-141,20452707,-8595465,-8612042.23632813,-0.629898290581195,-0.621875964029527,846,
0.847,63,20444034,-8690304,-8683610.83984375,-0.355829020719057,-0.342400300803035,847,
0.848,129,20435489,-8556186,-8543437.5,-0.356944556959206,-0.366883582077264,848,
0.849,172,20426957,-8521078,-8527285.15625,-0.488564031687019,-0.487397443573741,849,
0.85,283,20418348,-8600533,-8609151.00097656,-0.402455471027849,-0.390356317929047,850,
0.851,322,20409800,-8574988,-8557036.1328125,-0.283936681525063,-0.288835108751783,851,
0.852,198,20401405,-8392596,-8386296.99707031,-0.491540954429638,-0.520053636821274,852,
0.853,124,20392950,-8440165,-8451254.27246094,-0.659518587370599,-0.649768806265001,853,
0.854,97,20384438,-8519086,-8520146.484375,-0.56115275363868,-0.555484411352893,854,
0.855,-52,20376039,-8416465,-8400470.58105469,-0.617485855022323,-0.63442381028085,855,
0.856,-229,20367657,-8360723,-8371950.07324219,-0.893193573138205,-0.893333772144274,856,
0.857,-292,20359151,-8491451,-8505537.109375,-0.881473612228092,-0.878569007104375,857,
0.858,-256,20350536,-8619971,-8622785.03417969,-0.724615006838235,-0.704806316733197,858,
0.859,-311,20342003,-8543845,-8533513.79394531,-0.715590303163822,-0.729642384054841,859,
0.86,-319,20333412,-8568903,-8583652.34375,-0.837238466864846,-0.842031709628827,860,
0.861,-169,20324653,-8743810,-8761884.765625,-0.671313260056422,-0.653627553293404,861,
0.862,20,20315845,-8828205,-8820858.15429688,-0.398038639005676,-0.378970729183834,862,
0.863,72,20307164,-8686983,-8675869.140625,-0.414970327206674,-0.434011443597171,863,
0.864,127,20298471,-8679577,-8687778.93066406,-0.538971242886987,-0.534132370310886,864,
0.865,260,20289689,-8775989,-8784503.78417969,-0.413811696143966,-0.398999329633398,865,
0.866,352,20280938,-8777726,-8761074.21875,-0.259276373479736,-0.249597871351483,866,
0.867,252,20272369,-8574016,-8562056.27441406,-0.437640985319319,-0.454604818596295,867,
0.868,166,20263776,-8575722,-8585634.15527344,-0.654628381255861,-0.641080692871355,868,
0.869,145,20255109,-8662261,-8667720.94726563,-0.563893077355488,-0.568070880986852,869,
0.87,36,20246519,-8614404,-8594927.97851563,-0.555894903621038,-0.567655389155959,870,
0.871,-152,20237998,-8504265,-8510029.296875,-0.818477361196415,-0.832837795401133,871,
0.872,-240,20229367,-8618117,-8630565.18554688,-0.883784536879602,-0.875392031435467,872,
0.873,-214,20220613,-8748119,-8759083.25195313,-0.739295976389826,-0.725794903646715,873,
0.874,-234,20211894,-8732028,-8722637.32910156,-0.654198137194044,-0.66829507331704,874,
0.875,-256,20203167,-8710284,-8719606.93359375,-0.762442191502714,-0.778712247427961,875,
0.876,-162,20194314,-8838502,-8853275.14648438,-0.700322483528566,-0.684637306028435,876,
0.877,12,20185371,-8947761,-8950330.81054688,-0.46210764832864,-0.445992438015821,877,
0.878,122,20176483,-8897961,-8888782.34863281,-0.355963586414987,-0.369928843913499,878,
0.879,174,20167642,-8838505,-8838397.21679688,-0.452699281025616,-0.445139942150945,879,
0.88,240,20158777,-8860558,-8863803.7109375,-0.443685280640466,-0.4363704274258,880,
0.881,298,20149910,-8876957,-8872276.00097656,-0.363000048484253,-0.36058216135649,881,
0.882,250,20141139,-8780405,-8769790.64941406,-0.426407707196972,-0.431547644991781,882,
0.883,176,20132385,-8744329,-8747861.328125,-0.581810101916062,-0.571227964029333,883,
0.884,132,20123590,-8793425,-8798280.02929688,-0.567031781723642,-0.574085178931512,884,
0.885,39,20114834,-8768500,-8758585.81542969,-0.583202620974077,-0.585811794189226,885,
0.886,-90,20106104,-8715882,-8721394.65332031,-0.741697949416448,-0.746495417163032,886,
0.887,-127,20097273,-8820525,-8830559.69238281,-0.739896980165213,-0.736247440192074,887,
0.888,-123,20088390,-8887851,-8888182.37304688,-0.643135020246064,-0.633675425028969,888,
0.889,-142,20079520,-8871050,-8870042.72460938,-0.637622967108427,-0.639514069321876,889,
0.89,-141,20070620,-8891241,-8897922.97363281,-0.667131653940714,-0.673436736313079,890,
0.891,-77,20061647,-8963201,-8973130.49316406,-0.595608613434479,-0.601961156444759,891,
0.892,49,20052603,-9044913,-9046994.62890625,-0.458723507679395,-0.44650038654936,892,
0.893,129,20043594,-9018179,-9011055.29785156,-0.378139217399223,-0.383858153851691,893,
0.894,145,20034639,-8956379,-8952359.61914063,-0.445615604775753,-0.453029463416101,894,
0.895,172,20025663,-8966904,-8972576.29394531,-0.482560437031623,-0.4847631317121,895,
0.896,226,20016650,-9016651,-9016622.31445313,-0.401251104528455,-0.401820420934314,896,
0.897,193,20007715,-8950649,-8936538.69628906,-0.402654608541241,-0.415285158827032,897,
0.898,81,19998848,-8860013,-8860693.359375,-0.596353055369264,-0.60594116047389,898,
0.899,36,19989904,-8934630,-8943992.91992188,-0.649383839933421,-0.638262347809132,899,
0.9,20,19980921,-8990138,-8988497.92480469,-0.548655395929472,-0.549444869137176,900,
0.901,-66,19971999,-8927177,-8922088.62304688,-0.602581454307369,-0.61748247503624,901,
0.902,-132,19963046,-8941246,-8949066.77246094,-0.717973686266987,-0.718620179021741,902,
0.903,-111,19953996,-9040455,-9050383.91113281,-0.649887105777907,-0.64822957468607,903,
0.904,-68,19944914,-9091269,-9087872.92480469,-0.540659686768208,-0.529231003200437,904,
0.905,-100,19935897,-9019457,-9014194.94628906,-0.589681526172399,-0.591892037070693,905,
0.906,-83,19926822,-9058378,-9070587.15820313,-0.641595154919742,-0.649681067459596,906,
0.907,41,19917629,-9186877,-9196366.57714844,-0.488572129570343,-0.480098715709346,907,
0.908,138,19908453,-9198621,-9185434.5703125,-0.31756490243697,-0.323348410706899,908,
0.909,94,19899408,-9047042,-9039163.81835938,-0.446721458764102,-0.475398492979025,909,
0.91,77,19890326,-9067041,-9077426.7578125,-0.590584052872941,-0.588553772690886,910,
0.911,154,19881141,-9178690,-9189148.55957031,-0.476443014303243,-0.456564365527925,911,
0.912,160,19872016,-9152653,-9133050.53710938,-0.351581011960093,-0.360374538669703,912,
0.913,43,19863004,-9002842,-9002990.11230469,-0.571643244611096,-0.590567188150715,913,
0.914,-23,19853931,-9059395,-9068262.32910156,-0.68462815189946,-0.683218275204581,914,
0.915,-25,19844785,-9148646,-9150195.3125,-0.597459859978699,-0.584899021905869,915,
0.916,-60,19835661,-9128193,-9124625.85449219,-0.568436271565702,-0.571350171651147,916,
0.917,-99,19826531,-9122137,-9127088.62304688,-0.655091509765612,-0.644764384787209,917,
0.918,-86,19817339,-9187455,-9194421.38671875,-0.624876617091104,-0.614143612117232,918,
0.919,-71,19808135,-9207672,-9206008.91113281,-0.547395717366157,-0.557546695778171,919,
0.92,-59,19798925,-9201052,-9206879.27246094,-0.569503079673154,-0.578907257201763,920,
0.921,16,19789641,-9279875,-9285637.20703125,-0.517650290675306,-0.507618597605472,921,
0.922,73,19780365,-9288541,-9280448.60839844,-0.423927642408557,-0.418055303879385,922,
0.923,48,19771161,-9201829,-9198501.58691406,-0.491265978478509,-0.511609093674736,923,
0.924,63,19761907,-9241985,-9252195.43457031,-0.550671592836181,-0.551493633618122,924,
0.925,125,19752597,-9315479,-9315303.95507813,-0.44508815090586,-0.431493952504525,925,
0.926,74,19743389,-9220205,-9207546.99707031,-0.435852655807707,-0.471081018464417,926,
0.927,12,19734182,-9193634,-9199697.87597656,-0.61978072473994,-0.620678322294111,927,
0.928,3,19724912,-9269573,-9273066.40625,-0.593532527399361,-0.583896468742182,928,
0.929,-47,19715674,-9249765,-9240831.90917969,-0.560407255458244,-0.570286461864271,929,
0.93,-128,19706456,-9207415,-9212621.45996094,-0.692370714186382,-0.696990943912738,930,
0.931,-140,19697159,-9286325,-9295742.79785156,-0.701277259180642,-0.688931015015896,931,
0.932,-116,19687816,-9348369,-9348518.06640625,-0.592505011630124,-0.590290416581979,932,
0.933,-162,19678533,-9287264,-9281395.26367188,-0.613888845666224,-0.638560983662842,933,
0.934,-163,19669196,-9318690,-9332338.25683594,-0.713648360326374,-0.708468249988641,934,
0.935,-39,19659723,-9463909,-9475817.87109375,-0.552133331192522,-0.538365486006171,935,
0.936,72,19650253,-9490394,-9479424.43847656,-0.365603060266437,-0.361810575048537,936,
0.937,72,19640884,-9368362,-9362677.00195313,-0.435514445950275,-0.467921541265127,937,
0.938,105,19631472,-9398804,-9409297.48535156,-0.541195027272295,-0.529765181834307,938,
0.939,186,19622003,-9475038,-9475751.953125,-0.417929681063299,-0.400136835783087,939,
0.94,151,19612639,-9377924,-9363507.08007813,-0.39409018151332,-0.422145087039837,940,
0.941,92,19603289,-9339380,-9344669.79980469,-0.575342815419901,-0.576406419582213,941,
0.942,46,19593916,-9380482,-9378171.99707031,-0.580548064404127,-0.576569151828835,942,
0.943,-82,19584616,-9305229,-9296235.96191406,-0.646938842500617,-0.666100054021626,943,
0.944,-183,19575278,-9321354,-9334131.46972656,-0.804683849240746,-0.799835188788279,944,
0.945,-199,19565845,-9420632,-9432213.13476563,-0.741237707978144,-0.741739424662342,945,
0.946,-195,19556382,-9478725,-9469922.48535156,-0.636964433153253,-0.632778320389434,946,
0.947,-275,19546993,-9381451,-9382530.51757813,-0.731975208199515,-0.760875638369612,947,
0.948,-238,19537478,-9491695,-9509536.74316406,-0.779682162601034,-0.772195986341785,948,
0.949,-68,19527819,-9656242,-9666327.51464844,-0.528325835885767,-0.516900497095889,949,
0.95,46,19518206,-9634919,-9618493.65234375,-0.357846133038663,-0.362260606112216,950,
0.951,72,19508671,-9527642,-9526639.40429688,-0.498917175516624,-0.493619434621564,951,
0.952,155,19499070,-9589201,-9598339.23339844,-0.504462958098713,-0.488214203127427,952,
0.953,251,19489445,-9643091,-9635191.04003906,-0.355593689188026,-0.33501158080918,953,
0.954,204,19479953,-9499382,-9487706.90917969,-0.396731711053576,-0.424891783438738,954,
0.955,145,19470463,-9479924,-9485095.82519531,-0.582560317993739,-0.577456186926497,955,
0.956,76,19460973,-9499917,-9494575.1953125,-0.59747640782723,-0.584260662242627,956,
0.957,-83,19451564,-9409102,-9403687.13378906,-0.707412778917842,-0.722841359141171,957,
0.958,-192,19442094,-9455333,-9465694.58007813,-0.842581098200071,-0.835428554733767,958,
0.959,-222,19432535,-9554999,-9562675.17089844,-0.781424686259584,-0.767435980107621,959,
0.96,-282,19422996,-9548499,-9541307.98339844,-0.732265182838887,-0.747294220540653,960,
0.961,-325,19413430,-9547927,-9558882.44628906,-0.763131849496403,-0.840045545306793,961,
0.962,-224,19403711,-9702481,-9720554.80957031,-0.712108072501792,-0.718070649617744,962,
0.963,-57,19393915,-9807831,-9805473.6328125,-0.470138530470081,-0.46591456890377,963,
0.964,16,19384203,-9715947,-9708953.24707031,-0.4295885557666,-0.459354297582138,964,
0.965,106,19374464,-9726976,-9734866.94335938,-0.502061794860424,-0.501309395875069,965,
0.966,255,19364657,-9810793,-9813265.99121094,-0.36856762493494,-0.355382792139721,966,
0.967,276,19354967,-9714434,-9694653.3203125,-0.322835920317061,-0.323627189142371,967,
0.968,214,19345350,-9607267,-9610234.98535156,-0.528900081437996,-0.527016865858741,968,
0.969,181,19335694,-9656530,-9657889.40429688,-0.566095701619588,-0.556285608887322,969,
0.97,81,19326095,-9611842,-9602755.12695313,-0.575778516750916,-0.584655240409631,970,
0.971,-77,19316545,-9541155,-9543918.45703125,-0.747509976318952,-0.76867382959415,971,
0.972,-176,19306925,-9611360,-9619241.33300781,-0.820391419148677,-0.827464532942031,972,
0.973,-237,19297257,-9674118,-9672623.90136719,-0.77033474067207,-0.7786140869988,973,
0.974,-303,19287584,-9665098,-9667045.8984375,-0.750820883936399,-0.817337531306293,974,
0.975,-289,19277821,-9747982,-9760876.46484375,-0.715303567677779,-0.804932841548862,975,
0.976,-149,19267923,-9889616,-9901140.13671875,-0.63009756892734,-0.615810790252681,976,
0.977,-6,19258011,-9924988,-9917300.41503906,-0.440939464446274,-0.436432393837322,977,
0.978,76,19248150,-9859559,-9857764.28222656,-0.449099173348941,-0.461050944971248,978,
0.979,173,19238264,-9880446,-9884527.58789063,-0.457179030080397,-0.452552392463758,979,
0.98,263,19228376,-9896398,-9892670.8984375,-0.373684571782746,-0.367455468680873,980,
0.981,282,19218548,-9831053,-9826521.60644531,-0.37890084092993,-0.391020555610737,981,
0.982,261,19208750,-9795210,-9794459.22851563,-0.457073475931679,-0.466431284276211,982,
0.983,203,19198979,-9781703,-9775354.00390625,-0.515281096472052,-0.511760594509269,983,
0.984,64,19189279,-9695473,-9692167.96875,-0.627904802955982,-0.65175680141283,984,
0.985,-29,19179524,-9745305,-9753972.16796875,-0.735584610837918,-0.73338107116092,985,
0.986,-84,19169720,-9807134,-9809036.86523438,-0.660999866271482,-0.690090913573385,986,
0.987,-153,19159920,-9801332,-9799515.38085938,-0.653729375374155,-0.707170546581892,987,
0.988,-208,19150096,-9814087,-9820662.23144531,-0.716993349470158,-0.76794304843645,988,
0.989,-174,19140173,-9912535,-9923725.5859375,-0.698016980938064,-0.706471030295461,989,
0.99,-80,19130181,-9993156,-9996827.39257813,-0.522038357607585,-0.556211425234437,990,
0.991,0,19120192,-9992357,-9991375.73242188,-0.472612398617343,-0.489377798544695,991,
0.992,62,19110211,-9977651,-9978493.65234375,-0.490930268402451,-0.49502314988348,992,
0.993,138,19100206,-10005138,-10006467.2851563,-0.448835393601712,-0.454354875667093,993,
0.994,180,19090226,-9986053,-9981782.2265625,-0.402244785228675,-0.4249996261197,994,
0.995,165,19080292,-9937423,-9934171.14257813,-0.480357531102015,-0.482850200421865,995,
0.996,120,19070378,-9918181,-9915046.38671875,-0.556513088992347,-0.549557922630015,996,
0.997,31,19060498,-9878307,-9876721.80175781,-0.588409806408663,-0.636124436195246,997,
0.998,-29,19050579,-9911388,-9917180.78613281,-0.605606612268048,-0.682244064632528,998,
0.999,-62,19040624,-9954153,-9956427.61230469,-0.630975238646897,-0.654726823350529,999,
1,-91,19030654,-9971291,-9972828.97949219,-0.622330783406824,-0.649029223060211,1000,
1.001,-124,19020678,-9976000,-9975824.58496094,-0.558255507026331,-0.673755088752273,1001,
1.002,-123,19010658,-10007845,-10017149.0478516,-0.57307216893588,-0.684623293169466,1002,
1.003,-50,19000556,-10097875,-10103853.1494141,-0.558601357060638,-0.576266467033463,1003,
1.004,22,18990446,-10119105,-10114522.7050781,-0.445023332631081,-0.477930419428901,1004,
1.005,17,18980402,-10046362,-10041421.5087891,-0.480330103923279,-0.539988935571671,1005,
1.006,33,18970327,-10065486,-10072335.8154297,-0.582498879705042,-0.590262003573969,1006,
1.007,92,18960199,-10129649,-10131780.3955078,-0.477358920115364,-0.500511402285781,1007,
1.008,71,18950142,-10067919,-10057850.9521484,-0.467291596358905,-0.505215709165952,1008,
1.009,15,18940109,-10031483,-10031055.9082031,-0.599755856358342,-0.625419527355689,1009,
1.01,-26,18930051,-10053805,-10058328.2470703,-0.614330638013826,-0.665672837864008,1010,
1.011,-48,18919964,-10085123,-10088231.8115234,-0.513121954320582,-0.644795508825723,1011,
1.012,-68,18909865,-10098248,-10099253.5400391,-0.564843487192206,-0.639056081207627,1012,
1.013,-75,18899744,-10119020,-10121328.7353516,-0.591946609762658,-0.64365011604184,1013,
1.014,-110,18889640,-10109342,-10105404.0527344,-0.49615611417687,-0.663325789611235,1014,
1.015,-139,18879520,-10109012,-10116928.7109375,-0.545847049992744,-0.722284717683124,1015,
1.016,-116,18869338,-10177319,-10182479.8583984,-0.586338050980714,-0.672929175069612,1016,
1.017,-94,18859147,-10196901,-10194111.9384766,-0.474829563863238,-0.617186796670353,1017,
1.018,-102,18848977,-10167017,-10167439.5751953,-0.516734314446808,-0.659216712363559,1018,
1.019,-81,18838767,-10206726,-10210533.4472656,-0.583680924213013,-0.660682429245185,1019,
1.02,-84,18828571,-10203350,-10198327.6367188,-0.482580822572686,-0.643064744702087,1020,
1.021,-115,18818393,-10171790,-10175144.0429688,-0.502099361997409,-0.713182978492569,1021,
1.022,-128,18808188,-10209066,-10207802.734375,-0.612439465384,-0.719783598398067,1022,
1.023,-199,18798030,-10166676,-10158479.0039063,-0.534816183745306,-0.772598415934795,1023,
1.024,-290,18787882,-10141097,-10145321.6552734,-0.496430385964231,-0.902586695295668,1024,
1.025,-357,18777700,-10180220,-10184005.1269531,-0.606367954133248,-0.939326439854312,1025,
1.026,-427,18767511,-10194617,-10192314.453125,-0.457922098895835,-0.960439241256381,1026,
1.027,-567,18757383,-10132869,-10126878.6621094,-0.445929732232344,-1.09441076379971,1027,
1.028,-704,18747241,-10132876,-10139800.4150391,-0.561640387047532,-1.25957660040149,1028,
1.029,-809,18737057,-10185226,-10186565.5517578,-0.40591400657911,-1.30537949597624,1029,
1.03,-955,18726904,-10160355,-10154032.5927734,-0.360547375666386,-1.4049126219852,1030,
1.031,-1167,18716807,-10097273,-10094039.9169922,-0.526998557600791,-1.63568131263605,1031,
1.032,-1398,18706720,-10090350,-10087999.8779297,-0.455749225550903,-1.85849830436109,1032,
1.033,-1692,18696685,-10040099,-10033078.6132813,-0.358033405392575,-1.99994227197021,1033,
1.034,-2027,18686681,-10003281,-10002262.5732422,-0.442360572553241,-1.99994227197021,1034,
1.035,-2403,18676708,-9984272,-9975321.65527344,-0.54165826140661,-1.99994227197021,1035,
1.036,-2881,18666828,-9885981,-9876223.75488281,-0.506321844819809,-1.99994227197021,1036,
1.037,-3397,18656975,-9848262,-9849082.64160156,-0.436806656879639,-1.99994227197021,1037,
1.038,-3927,18647126,-9850659,-9849676.51367188,-0.564112107495305,-1.99994227197021,1038,
1.039,-4467,18637277,-9849514,-9850142.21191406,-0.598773266237458,-1.99994227197021,1039,
1.04,-5045,18627456,-9827109,-9822133.7890625,-0.519001334487427,-1.99994227197021,1040,
1.041,-5637,18617640,-9806600,-9810939.33105469,-0.448306777861603,-1.99994227197021,1041,
1.042,-6217,18607801,-9843577,-9843157.34863281,-0.558929004461561,-1.99994227197021,1042,
1.043,-6829,18597984,-9818379,-9816072.99804688,-0.628465458147502,-1.99994227197021,1043,
1.044,-7436,18588152,-9824630,-9829054.56542969,-0.505017979980096,-1.99994227197021,1044,
1.045,-8003,18578271,-9881364,-9884094.23828125,-0.419615132248509,-1.99994227197021,1045,
1.046,-8627,18568436,-9848108,-9839044.79980469,-0.615030576798517,-1.99994227197021,1046,
1.047,-9289,18558629,-9798587,-9801203.61328125,-0.6368716947851,-1.99994227197021,1047,
1.048,-9947,18548808,-9826351,-9825814.20898438,-0.539892746801058,-1.99994227197021,1048,
1.049,-10652,18539024,-9787936,-9783156.73828125,-0.498492599973133,-1.99994227197021,1049,
1.05,-11399,18529273,-9754787,-9752156.98242188,-0.618583716751914,-1.99994227197021,1050,
1.051,-12165,18519530,-9745433,-9744840.08789063,-0.684125519802365,-1.99994227197021,1051,
1.052,-12975,18509821,-9717979,-9710639.03808594,-0.625758441376888,-1.99994227197021,1052,
1.053,0,18500179,-9650239,-9642579.34570313,0,0,1053,
1.054,0,18490625,-9560981,-9553121.33789063,0,0,1054,
1.055,0,18481138,-9493190,-9486188.96484375,0,0,1055,
1.056,0,18471725,-9419395,-9411387.32910156,0,0,1056,
1.057,0,18462387,-9347385,-9339620.36132813,0,0,1057,
1.058,0,18453151,-9247023,-9235988.76953125,0,0,1058,
1.059,0,18444071,-9096902,-9078837.890625,0,0,1059,
1.06,0,18435114,-8960300,-8952142.94433594,0,0,1060,
1.061,0,18426229,-8895288,-8886936.03515625,0,0,1061,
1.062,0,18417444,-8795105,-8784846.19140625,0,0,1062,
1.063,0,18408777,-8678026,-8666759.64355469,0,0,1063,
1.064,0,18400234,-8553796,-8542747.80273438,0,0,1064,
1.065,0,18391817,-8429588,-8415853.88183594,0,0,1065,
1.066,0,18383529,-8302338,-8287694.09179688,0,0,1066,
1.067,0,18375351,-8185132,-8176004.02832031,0,0,1067,
1.068,0,18367254,-8103358,-8095560.30273438,0,0,1068,
1.069,0,18359228,-8030287,-8024583.12988281,0,0,1069,
1.07,0,18351251,-7981606,-7975964.35546875,0,0,1070,
1.071,0,18343342,-7916559,-7908934.93652344,0,0,1071,
1.072,0,18335501,-7846588,-7840382.08007813,0,0,1072,
1.073,0,18327725,-7781510,-7775862.42675781,0,0,1073,
1.074,0,18320008,-7721970,-7716205.44433594,0,0,1074,
1.075,0,18312355,-7657672,-7652765.50292969,0,0,1075,
1.076,0,18304760,-7600280,-7594750.36621094,0,0,1076,
1.077,0,18297226,-7540519,-7533782.95898438,0,0,1077,
1.078,0,18289777,-7458207,-7449182.73925781,0,0,1078,
1.079,0,18282454,-7335000,-7320388.18359375,0,0,1079,
1.08,0,18275243,-7220265,-7209195.55664063,0,0,1080,
1.081,0,18268142,-7111530,-7100715.33203125,0,0,1081,
1.082,0,18261161,-6992796,-6981005.24902344,0,0,1082,
1.083,0,18254284,-6884507,-6875575.56152344,0,0,1083,
1.084,0,18247492,-6799688,-6789967.04101563,0,0,1084,
1.085,0,18240776,-6720702,-6714133.30078125,0,0,1085,
1.086,0,18234133,-6649095,-6642791.13769531,0,0,1086,
1.087,0,18227548,-6589340,-6583367.30957031,0,0,1087,
1.088,0,18221020,-6534035,-6528070.67871094,0,0,1088,
1.089,0,18214550,-6476059,-6470340.57617188,0,0,1089,
1.09,0,18208140,-6415262,-6408997.19238281,0,0,1090,
1.091,0,18201787,-6358794,-6353323.36425781,0,0,1091,
